baseMean	log2FoldChange	lfcSE	stat	pvalue	padj
PCNXL4	0.179426339835765	3.82236733737461	2.91807084425278	1.30989531830691	0.190231251157303	0.935507377393223
MBIP	0.427246197150349	3.50785950891323	1.14457623826413	3.06476702175232	0.00217839618459212	0.935507377393223
SARNP	0.490220952591065	3.29593414977988	1.15100497622054	2.8635272808311	0.00418952735171676	0.935507377393223
KLHL7	0.574905533800168	3.03787931966858	1.11366131068748	2.72783052667355	0.0063752352310576	0.935507377393223
SAFB	0.312955868172045	3.02919499052876	1.42748945880015	2.12204368435399	0.033834069809422	0.935507377393223
CHRAC1	0.319233505131122	2.98555785076872	1.44096260951873	2.07191902902038	0.0382729930361525	0.935507377393223
MRPS28	0.661247226504575	2.94257861175691	1.04731771947736	2.80963317724189	0.00495979941730972	0.935507377393223
ARGLU1	0.750541820356639	2.84773145137371	1.14689887915209	2.48298389957365	0.0130286976205494	0.935507377393223
DIDO1	0.366381856142875	2.81248214506098	1.12386056670345	2.50251875400404	0.0123313092119488	0.935507377393223
EPN2	0.169788333879586	2.80638401429197	3.00633662667251	0.933489613037162	0.350567230935023	0.935507377393223
PANX1	0.176254017078968	2.78125852263671	2.68095923802298	1.03741171562448	0.299544020641629	0.935507377393223
UBAP2L	0.577572916743441	2.75491895411001	0.907474166133124	3.03580978602301	0.0023989064992506	0.935507377393223
NIFK-AS1	0.195915986799262	2.7500146993108	2.5676469953583	1.07102522437164	0.284158087954777	0.935507377393223
CARS	0.421524183291261	2.74645818042223	1.29602761594013	2.11913553896764	0.0340790140418248	0.935507377393223
TBC1D10A	0.418407127809144	2.71884079179762	1.15086851659803	2.36242520547395	0.018155804645565	0.935507377393223
DCTN1	0.419550820153772	2.70403462331405	1.14169894706226	2.36843051337823	0.0178637356439706	0.935507377393223
MIEF1	0.433150392796974	2.66172191051844	1.05073968660748	2.53318870929139	0.0113030084248297	0.935507377393223
PICK1	0.22183932626995	2.65384960348806	2.12604330036875	1.24825755102343	0.211936754121051	0.935507377393223
CNP	0.231344265252493	2.6527477333795	2.27735618526105	1.16483655501408	0.24408515890919	0.935507377393223
TUSC1	0.637755950051831	2.6388574916319	0.994343891377584	2.65386805763545	0.00795749352223881	0.935507377393223
RALGPS2	0.231940096628149	2.63653566779074	2.12066041625615	1.24326160264986	0.213771448686586	0.935507377393223
FAM91A1	0.803908235224428	2.63462314339243	0.859098943944399	3.06672841581673	0.00216415388739814	0.935507377393223
TOPORS-AS1	0.213928931112411	2.63452033582034	2.19670027649394	1.19930805490915	0.230408184196505	0.935507377393223
PARP2	0.236835157747934	2.63104657222492	2.17149387977326	1.211629743345	0.225654143745838	0.935507377393223
HDAC11	0.225681233867478	2.62335783043126	2.11740330054473	1.23895047757617	0.215363838432016	0.935507377393223
RPA1	0.225318516424134	2.62169095132583	2.15773730594623	1.21501859568403	0.224358999048718	0.935507377393223
SEC23A	0.478893899699481	2.60271245442859	1.23147808922429	2.11348661190395	0.0345591397178016	0.935507377393223
CAPN15	0.235485067492704	2.59260006905098	2.00938884318391	1.29024308950724	0.196966269563164	0.935507377393223
EXT1	0.231452977196032	2.58525961357171	1.96355990174476	1.31661866351749	0.187966479636624	0.935507377393223
YARS2	0.264787933056123	2.58149425643625	1.78475602995776	1.44641296239092	0.148061408297537	0.935507377393223
DUSP5	0.246623070656335	2.56641571094796	2.26765521597276	1.13174864188824	0.257740125186179	0.935507377393223
TUBG1	0.658505913989842	2.55851723610038	0.911978968304259	2.80545640307661	0.00502453780038127	0.935507377393223
SEC24C	0.259962879839695	2.54208160371427	1.63040412015466	1.55917270588909	0.118955509045436	0.935507377393223
XAB2	0.260942577488224	2.53432902869318	1.94185778652256	1.30510537191892	0.19185696981404	0.935507377393223
PVRL1	0.248406386619051	2.5236943988482	1.83571086170508	1.3747777231672	0.169200366504698	0.935507377393223
RBM48	0.284277965084858	2.51758314774063	1.7778126517032	1.41611274131091	0.156742498219031	0.935507377393223
GPR137	0.664408344772598	2.51302968980485	0.958394413169169	2.62212472785071	0.00873834442281079	0.935507377393223
PLEKHA8	0.503720208644252	2.48801776084857	1.06514726477299	2.33584391861423	0.0194993777131385	0.935507377393223
PDK2	0.27231463654367	2.46802585184837	1.73668487576474	1.42111322916979	0.155283844674091	0.935507377393223
SEC24D	0.297852154719836	2.46288356492905	1.73852660114968	1.41664991683208	0.156585306606848	0.935507377393223
MYO5A	0.51921745549924	2.45883101342076	1.12753034393033	2.18072269775889	0.0292039331698418	0.935507377393223
KRT81	10.9731229754402	2.45707238938246	2.37534119754407	1.03440819025195	0.300945377122541	0.935507377393223
RCAN3	0.297307622686346	2.45381251105056	1.64669698205923	1.49014210737303	0.136186874622747	0.935507377393223
ZNF350	0.315442691217721	2.44114626070442	1.61141394497306	1.51490947954111	0.129795329404938	0.935507377393223
PYCR1	0.904855447590821	2.43930381963857	1.13573678671107	2.14777213187083	0.0317318619153244	0.935507377393223
SMCHD1	0.34609561720705	2.42103306759937	1.74423796995627	1.38801763824696	0.165131674221029	0.935507377393223
EPHX1	0.312098273704354	2.4135335082197	1.97020387037126	1.22501713884305	0.220568763065018	0.935507377393223
COQ7	0.341592370534638	2.38723421714703	1.57933723205156	1.51154178392035	0.130650471243314	0.935507377393223
CAMK1	0.314699907858809	2.38169605853944	1.95719246256364	1.21689415021544	0.223644491607567	0.935507377393223
CD46	0.327145928086788	2.37696619434169	1.58003791501285	1.5043728835598	0.132485382265857	0.935507377393223
MCM7	0.340778215926573	2.37460236584853	1.92983941163468	1.23046630280865	0.218522538121343	0.935507377393223
USP46	0.326120788350078	2.37437766917749	1.631403150772	1.45542054890228	0.145552870994238	0.935507377393223
POP5	0.909436838863094	2.36663648590239	0.947715708080372	2.49720086490504	0.0125178028296358	0.935507377393223
RP11-12G12.7	0.317748289605599	2.35976128452775	1.37480281473738	1.71643617486957	0.0860822403357726	0.935507377393223
EXOG	0.326689667185733	2.35974950444863	1.52420888524733	1.5481798638549	0.12157899802693	0.935507377393223
ZNF428	0.733020344329345	2.35971706600401	0.99470747332327	2.3722723808642	0.0176790523657752	0.935507377393223
EPRS	0.787858523497163	2.35677802024922	1.18980562361162	1.98080927966645	0.0476126657618799	0.935507377393223
TMEM128	0.341011039811691	2.33682871988823	1.4247843319969	1.64012803019321	0.100978549424569	0.935507377393223
FUBP1	0.606504740059975	2.33333786800889	1.16204855200407	2.00795213245162	0.0446483785383928	0.935507377393223
RP11-390F4.3	0.347846473230586	2.33171676717246	1.64983215590299	1.41330544372634	0.157565934074378	0.935507377393223
SCAF1	0.341201373519636	2.33023858657441	1.48158099492365	1.57280539812438	0.115763885336106	0.935507377393223
NDUFB3	1.88590034347745	2.32691508885601	0.64175300917349	3.6258732808325	0.000287986560356595	0.935507377393223
ANKRD17	0.351679841642521	2.32359279514083	1.61650910406841	1.43741398628244	0.150600397017276	0.935507377393223
C1orf109	0.357429549329911	2.32258193674348	1.61868153818007	1.43486033661373	0.151326900168351	0.935507377393223
KRIT1	0.348935880058819	2.32049096292265	1.57823438893696	1.47030819958602	0.141478301309345	0.935507377393223
PPP1R37	0.359877757102969	2.30929427985164	1.41478277072414	1.63226067466856	0.102624583788654	0.935507377393223
DHX9	0.614863522378235	2.30269684394769	1.06386218465332	2.16446911749013	0.0304283642550244	0.935507377393223
SPDEF	0.337181025396374	2.30120258140432	1.86011606055205	1.23712849440231	0.216039382693581	0.935507377393223
TIMM8A	1.20550983579231	2.29897432168354	0.742905888633795	3.09457006177641	0.00197098377454796	0.935507377393223
METTL1	0.353217243906459	2.29788806896551	1.37017688541399	1.67707402849028	0.0935280067153862	0.935507377393223
LRR1	0.344759213177491	2.29670104730917	1.63270942491399	1.40668082897247	0.15952205296377	0.935507377393223
SNAPC3	0.356069887342153	2.29287115278613	1.31246099885669	1.74700136216124	0.0806371018268119	0.935507377393223
NXF1	0.376945997982246	2.28747396159437	1.5822299549034	1.44572788203471	0.14825354074705	0.935507377393223
ATF5	1.2131918054865	2.27907676653965	0.861552020009618	2.64531533048255	0.00816148218144927	0.935507377393223
STX1A	0.347785494788074	2.2765726759412	1.45590815512575	1.56367877185533	0.117893025455933	0.935507377393223
SUGP2	0.364916813363682	2.26580930226248	1.32873000184189	1.70524433039188	0.0881488653745564	0.935507377393223
FBXO45	0.624881530496298	2.25768166486988	1.06488798268037	2.120111881803	0.0339966111740219	0.935507377393223
C12orf73	0.368089454309535	2.25699884755747	1.36615994861196	1.65207511012939	0.0985192401767718	0.935507377393223
SLC39A9	0.373430830087276	2.24763278260074	1.28711975445332	1.74624993115375	0.0807675319357233	0.935507377393223
NIPBL	0.652116725858362	2.24108507801889	1.13722732373577	1.97065708081738	0.0487631128440931	0.935507377393223
LPCAT1	0.369960277823382	2.24072959454298	1.47681676010018	1.5172698841737	0.129198558482707	0.935507377393223
ZCCHC8	0.393782998298959	2.23411277391948	1.41512420945305	1.57873970284415	0.114395774098267	0.935507377393223
KIAA1244	0.389329198233682	2.23237488104263	1.43201309783167	1.55890674772658	0.119018453032034	0.935507377393223
COMMD10	0.37630991763142	2.23022190401159	1.34630891356204	1.6565454492245	0.097611409040817	0.935507377393223
FAM129B	0.387004302867862	2.21078169992955	1.53551610237198	1.4397645824192	0.14993401468438	0.935507377393223
PUS1	0.381022946444859	2.20447330184824	1.32982023680628	1.65772278149605	0.0973734333851673	0.935507377393223
C1orf123	0.378555701685013	2.19740264313006	1.35286997828678	1.62425264688982	0.104321898963326	0.935507377393223
CNOT3	0.399850445339278	2.19680714357219	1.32256182237674	1.66102416265454	0.0967085940059044	0.935507377393223
SLC25A32	0.381326980144122	2.19551087704771	1.3605534457879	1.61368954953202	0.106594781852774	0.935507377393223
ZNF638	0.683257713773835	2.18613978654249	1.24788543101855	1.75187539833534	0.0797952356894715	0.935507377393223
GBA2	0.393767639030544	2.18474855934737	1.36957090997176	1.59520660335318	0.110666042605177	0.935507377393223
TTLL7	0.909535680307704	2.18167008098809	1.18473120077447	1.84148951218801	0.0655498561107373	0.935507377393223
FOXK1	0.397734148174262	2.17815541480023	1.35094361822274	1.61232148064458	0.106892001325006	0.935507377393223
TARBP2	1.09567695790375	2.17613152994101	0.800071764849869	2.7199204190756	0.00652976291292253	0.935507377393223
NIPSNAP1	0.39261800438936	2.17239044712407	1.30514082307696	1.66448739378369	0.0960150682175088	0.935507377393223
HMGXB3	0.678546034212316	2.16920131959925	1.04461330881223	2.07655914518811	0.037842266933308	0.935507377393223
RRAGC	0.414155166665116	2.16494847417581	1.3179230393291	1.64269719063254	0.100445600346264	0.935507377393223
LMAN1	0.646814615573553	2.15956164358067	1.14920520711549	1.87917843585236	0.0602201330459679	0.935507377393223
TTC9C	1.34928734471492	2.14929891524941	0.732611724792393	2.93374900034322	0.00334894910957277	0.935507377393223
RAB8A	0.899282742644147	2.14893852833067	0.947290105025739	2.26851153298206	0.023298046881363	0.935507377393223
SGPL1	0.418019093039185	2.14756579840834	1.30180042941495	1.64968896144357	0.0990065690625524	0.935507377393223
SLC25A13	0.412370504880552	2.14030839355409	1.43678746229852	1.48964857344322	0.136316663123328	0.935507377393223
SLC2A1	0.396720005734411	2.13883865890213	1.35335386255639	1.58039868069835	0.114015593520606	0.935507377393223
CHD8	0.692396130613552	2.13764486021915	1.02204640757045	2.09153404814625	0.0364802175838997	0.935507377393223
RIF1	0.445641648837026	2.13620075718002	1.46603124467931	1.45713180734242	0.145079999845124	0.935507377393223
MNAT1	1.20270993083569	2.13158493604886	1.06051115331533	2.00995994184991	0.0444354287222832	0.935507377393223
TWISTNB	0.448262888486474	2.12033292344598	1.45118601152751	1.46110347440169	0.143987046891203	0.935507377393223
DKK1	3.94075621951654	2.10671436515665	1.84500457203643	1.14184777484392	0.253517299995629	0.935507377393223
MIR503HG	0.416026017167012	2.07792161799813	1.98062412781149	1.04912466167629	0.294120746999019	0.935507377393223
ARRB2	0.415451626980269	2.07599442291813	1.32621606288949	1.56535159014367	0.117500492687109	0.935507377393223
UBTD2	0.688120106119699	2.06904990080736	1.04688722701887	1.97638279215538	0.0481114389961078	0.935507377393223
GLRX	0.645603138097646	2.06783182694997	1.39079544508762	1.48679795742334	0.137068181161662	0.935507377393223
GPR89A	0.458811129091763	2.0660236702944	1.45044240775239	1.42440931073983	0.15432802054162	0.935507377393223
DCAF12	0.43523658388712	2.06544965025274	1.22597403428339	1.68474175838483	0.0920384060925361	0.935507377393223
RP11-147L13.11	0.920584050530479	2.06486943580281	0.894176002611399	2.30924273271979	0.0209301155005801	0.935507377393223
BCL7A	0.468730122517594	2.06475338033701	1.24898181460567	1.65314927422615	0.0983004871732802	0.935507377393223
OTUD7B	0.769478064618423	2.06257110893408	1.21053226234406	1.70385472002219	0.0884082320863587	0.935507377393223
NUDT2	0.938835025664918	2.04037203711256	0.921829109501001	2.21339510336904	0.0268704179607573	0.935507377393223
PRR14L	0.457596582849936	2.02783902377627	1.21045954179682	1.6752637769009	0.0938824891920124	0.935507377393223
KAT8	0.455910334933211	2.02680209281657	1.2703008679502	1.59552917261804	0.110593951750574	0.935507377393223
POLR3H	0.690866083438585	2.02648852957569	1.02781006240168	1.97165663550755	0.0486488171431886	0.935507377393223
HIF1AN	0.462860860889152	2.02473376774879	1.23329773697959	1.6417234111752	0.100647337620118	0.935507377393223
RPS6KA4	0.467479857098581	2.02196647209928	1.29295683266195	1.56383138324613	0.117857172054634	0.935507377393223
CHERP	0.45392645715513	2.02152401036523	1.26682966865375	1.59573465982486	0.110548046852551	0.935507377393223
KHNYN	0.461303814624402	2.01027476263263	1.32551243587965	1.51660196329923	0.129367209414805	0.935507377393223
STX8	0.456669167127852	2.00913897463256	1.21558922185252	1.65281078386883	0.0983693786711889	0.935507377393223
POM121	0.48019423251369	2.0049057053429	1.26746244591029	1.58182651629018	0.113689179931764	0.935507377393223
POLR2H	1.01198640771367	2.00467959911929	0.955920420872278	2.09711975531397	0.0359829756051568	0.935507377393223
AKAP12	0.454661909625753	2.00079830743542	4.66231958039999	0.429142248387822	0.667819708049792	0.935507377393223
ENDOV	0.991795829062491	1.99901300784527	0.932050654140922	2.14474717545022	0.0319730668047374	0.935507377393223
PLBD2	0.492495681305269	1.98593233040632	1.36223271251102	1.45785100604846	0.144881615605308	0.935507377393223
NHP2	8.71174244690531	1.98568557057558	0.532072016258834	3.73198647908147	0.000189975700879508	0.935507377393223
MRPL35	0.716738862768139	1.9827012289433	0.954748827655862	2.07667312230307	0.0378317389262182	0.935507377393223
PDHX	0.753038086852676	1.97705946827728	1.08895300690464	1.81555995138587	0.0694379016896457	0.935507377393223
EEF1G	0.437318203233185	1.97524288001701	1.16365755030794	1.69744344415957	0.0896128549377443	0.935507377393223
MLXIP	0.762113739729156	1.97481729572392	1.10419216406779	1.78847247787812	0.0736998121169907	0.935507377393223
C8orf76	0.997783817741615	1.97334129491145	0.930457994959715	2.12082792087448	0.0339362861412123	0.935507377393223
RNF145	0.487165050107903	1.96609158832858	1.45452250913842	1.3517092901458	0.176468331966345	0.935507377393223
PLK2	0.777483773085311	1.96388579778351	1.47276154523358	1.33347167037284	0.182377066300174	0.935507377393223
AK4	0.487420077928112	1.96298606131569	1.32573555894677	1.48067693294369	0.138692683638874	0.935507377393223
DCTPP1	2.47140601563075	1.96196048489045	0.757179316493235	2.5911437913769	0.00956575134694418	0.935507377393223
RANBP9	0.742557470513406	1.95285700521493	0.983407797838956	1.98580589812928	0.0470548806087253	0.935507377393223
NMT1	1.00448315122393	1.95197022843715	0.868805381326265	2.24672898026644	0.0246573529721556	0.935507377393223
EIF4A1	0.515318617391312	1.94343520190828	1.35701731492147	1.43213736518959	0.15210451279723	0.935507377393223
TBCC	0.470239565219278	1.93961828702371	1.26942225360507	1.52795358795336	0.12652406171861	0.935507377393223
SMIM4	0.486020759547553	1.92962262312556	1.2481282087583	1.54601314959883	0.122101392109595	0.935507377393223
SAE1	0.830778735647855	1.91681396278912	1.10906287671357	1.72831856789682	0.0839311259242977	0.935507377393223
USE1	0.513237581579847	1.91487029760154	1.29743505052751	1.47588913743544	0.139973656056764	0.935507377393223
RNF169	0.529966007974842	1.91476732866202	1.25496005275129	1.52575958450966	0.127069749294883	0.935507377393223
RPL7AP66	0.451384710423579	1.91201559461187	1.26733740215839	1.50868710365175	0.13137876275144	0.935507377393223
RFWD2	0.789613360993325	1.91200581780327	1.0465651022226	1.82693442934676	0.0677096288635756	0.935507377393223
SETX	0.51555068873195	1.90548100579085	1.26436308185997	1.5070678930199	0.131793255531789	0.935507377393223
HEATR6	0.825427392107807	1.90439298454231	1.13091930664966	1.68393356921641	0.092194507862318	0.935507377393223
PFKL	0.799526930351359	1.89992827931872	1.17856603902398	1.61206773011391	0.106947201965176	0.935507377393223
MRPS35	1.87231231564916	1.89831669424701	0.804677660605188	2.35910201958298	0.0183192187573429	0.935507377393223
HERC2	0.53186579708094	1.89112608756956	1.26905634396722	1.49018291942631	0.1361761462279	0.935507377393223
GFER	1.32433882199174	1.88596073078974	0.841937157671654	2.24002553350335	0.0250892652706939	0.935507377393223
MOK	0.814882190982512	1.88167761909519	1.10311471627925	1.70578598157224	0.0880479340921931	0.935507377393223
NDUFA9	0.796978817281857	1.88112929650963	1.0859385798351	1.73226122677701	0.0832270621139511	0.935507377393223
NDFIP2	0.515809311014861	1.87263481375195	1.270218822546	1.47426158431386	0.140411174180465	0.935507377393223
NF2	0.519547126320244	1.87079015146004	1.22146866359614	1.53159078674374	0.125623447482785	0.935507377393223
ZCCHC10	0.827264458344592	1.87073716172789	1.02471500739759	1.82561702348723	0.0679079697354825	0.935507377393223
PRRC2A	0.520692739981368	1.86964308968963	1.25143882612744	1.49399479275804	0.135176980310865	0.935507377393223
LUC7L3	1.41142729935729	1.86233979110692	0.900044717203053	2.06916362655209	0.0385307347023785	0.935507377393223
C9orf85	0.535025097197016	1.86172233167312	1.29208143338399	1.44087074047433	0.149621203645663	0.935507377393223
OGFOD3	0.503084157576735	1.85819221899981	1.22050921335986	1.52247291430477	0.127890627137491	0.935507377393223
TBL3	0.517683981739094	1.85057004099116	1.33318817924602	1.38807864470997	0.165113098607209	0.935507377393223
C19orf52	0.81846219238825	1.84601657871828	1.00111543819101	1.84395975558422	0.0651890054523615	0.935507377393223
RPL32P3	0.5495517374522	1.84172369016824	1.25070220614251	1.47255172424185	0.140871950179444	0.935507377393223
DNM1L	0.821799785423404	1.83995069858049	0.983016866751759	1.87173868609228	0.0612427646000028	0.935507377393223
H2AFX	1.40860700581531	1.83973475635331	0.951929741594403	1.93263712222281	0.0532809160175514	0.935507377393223
FBL	1.81929290004903	1.83877526533126	0.769119457970162	2.39075379809543	0.0168138236657751	0.935507377393223
NPRL3	0.523383996763516	1.83271285312351	1.20562994122237	1.52012884755113	0.128478595647419	0.935507377393223
RP11-465B22.3	0.523051957831916	1.82581672363181	1.33112467442646	1.3716346475348	0.170177202232451	0.935507377393223
ZNF641	0.180737703680676	1.82489516909677	3.21736027545956	0.567202617318356	0.570576530027664	0.935507377393223
RNASET2	0.527726568269504	1.81778983226439	1.27411447084606	1.42670841110321	0.153663960200342	0.935507377393223
CLDN15	0.175253325478118	1.81760966421565	3.24513010687552	0.560103787630777	0.575408647086637	0.935507377393223
CERS6	0.547201273728045	1.81602356252471	1.25296328903473	1.44938289766156	0.147230682079618	0.935507377393223
TSPAN31	0.536653204650347	1.81446105439136	1.19225494226704	1.52187337629417	0.128040811331562	0.935507377393223
GYS1	0.161459316612342	1.81265553876711	3.23351321774234	0.560583927358341	0.575081210901325	0.935507377393223
FBXO21	0.55591709619157	1.812555427734	1.21131365274055	1.49635515428491	0.134561129398359	0.935507377393223
FIZ1	0.173756216073909	1.80581338793464	3.05530853806855	0.5910412534232	0.554492780236405	0.935507377393223
NUDT4	0.863735104983126	1.80575007564229	1.00912244830115	1.78942612829817	0.0735462145325171	0.935507377393223
SYNGR1	1.05807535766314	1.80403948706117	1.36825629766074	1.31849529225297	0.187337899967569	0.935507377393223
AC009303.2	0.168808621521068	1.80197703546759	3.14064421890169	0.573760321090353	0.566130002804329	0.935507377393223
EXOC2	0.179711931810385	1.80193607705974	3.10196881636223	0.580900771005467	0.561307332696231	0.935507377393223
GART	0.177221689579043	1.80187772179512	3.03816655219237	0.593080626371476	0.553127195331195	0.935507377393223
DPM3	0.501110189195506	1.80167233775348	1.28795994180758	1.39885743280566	0.161855739568091	0.935507377393223
RNF40	0.534124957988709	1.80115727478384	1.21147260683085	1.48675031084324	0.137080769499801	0.935507377393223
CASP8	0.182775701534868	1.80037354563522	3.1110631359749	0.578700420707161	0.562791332069106	0.935507377393223
TAMM41	0.184666161981459	1.7974265413945	3.12779366311255	0.574662760716076	0.565519397376852	0.935507377393223
CHM	0.186293262073819	1.79596002283933	3.1668113844722	0.567119352811932	0.570633095299252	0.935507377393223
CENPBD1P1	0.543165168872546	1.78974367407396	1.19704597807343	1.4951336096166	0.134879575920212	0.935507377393223
RP5-1056L3.3	0.165910554623266	1.78853370994652	3.05615475508538	0.585223541762876	0.558397417408434	0.935507377393223
PMM1	0.526396042522693	1.78835828485219	1.19097793577021	1.50158809087899	0.133203520868208	0.935507377393223
EIF4E2	2.53188207449657	1.78580465045492	0.6801319587224	2.62567377926113	0.00864776530236055	0.935507377393223
C17orf70	0.176095001473471	1.78426191328813	3.09672475805613	0.576177107328113	0.564495477170644	0.935507377393223
OGDH	0.176748745091303	1.78222695265375	3.09390194464168	0.576045066890497	0.564584720339274	0.935507377393223
SFXN5	1.46091898070636	1.78212050757293	0.8920746464168	1.99772576737965	0.0457463990632	0.935507377393223
SEC22A	0.176298840091948	1.78198789204411	2.90609049308366	0.61319077856837	0.539750201399934	0.935507377393223
DCAF16	0.180746558248091	1.78166081361145	3.0601523347891	0.582213111862693	0.560423142585171	0.935507377393223
R3HDM1	0.55732490641885	1.77834270682631	1.22931793352022	1.4466092605791	0.14800639107228	0.935507377393223
MAN1B1-AS1	0.17608078278832	1.7755750553221	3.17790210741797	0.558725535055811	0.576349049550866	0.935507377393223
PCCB	0.558759712582219	1.77218906494483	1.45568940124274	1.21742252394769	0.223443497557945	0.935507377393223
MGAT5	0.202597380800958	1.77110476449105	2.89496807378799	0.61178732177644	0.540678478963902	0.935507377393223
MAST2	0.188957139934359	1.77047428747761	2.89285451087338	0.612016359904353	0.540526933571224	0.935507377393223
DMTF1	0.201260232350392	1.76884487154447	2.98282996259556	0.593008952479905	0.55317516093339	0.935507377393223
HYLS1	0.181274005204514	1.76759507322714	2.97133032300256	0.594883396013999	0.551921416829869	0.935507377393223
STARD3NL	0.572274977057988	1.76757251920393	1.2935329662628	1.36646886109962	0.171791848042308	0.935507377393223
HUS1	0.548882645752108	1.76737011133398	1.28090822345712	1.37977887796201	0.167654737936024	0.935507377393223
TEAD2	0.184907689232846	1.76725365694796	3.19874330970492	0.5524837368432	0.58061697380273	0.935507377393223
SGSM3	0.186004267772383	1.76693338258765	3.07338954684136	0.574913578528825	0.56534974614445	0.935507377393223
FAM168B	0.84404535680575	1.76692984126905	1.00545186162003	1.75734901760696	0.078858337540625	0.935507377393223
FAM199X	0.553320963089396	1.76689015244254	1.19441684883096	1.47929104832362	0.139062544308423	0.935507377393223
NABP1	0.870580571074427	1.76561388360141	1.38588909917624	1.2739936295414	0.20266567387067	0.935507377393223
EFCAB14	0.559505334066191	1.7651512122879	1.24887010598372	1.41339856229285	0.157538568103704	0.935507377393223
SLC7A6	0.18416885349271	1.76375771978052	3.00647299661498	0.586653438020682	0.557436485253497	0.935507377393223
NAT10	0.191996385445884	1.75959746408314	2.89787912396741	0.607201815124062	0.54371698781014	0.935507377393223
POMT1	0.195777013097178	1.75942621773463	2.91623893968418	0.603320322553944	0.546295615957104	0.935507377393223
QARS	0.808494269011199	1.75749688701523	1.01264661666097	1.73554807580385	0.0826437738445111	0.935507377393223
CCDC22	0.200477167697584	1.75675791980042	2.97838530347917	0.589835679671224	0.555300819533084	0.935507377393223
TSSC1	1.17370715255075	1.75370421357942	0.92039128410628	1.90538985305831	0.056729413228356	0.935507377393223
TM2D1	0.87066668647389	1.7536359563873	1.02091203219754	1.71771504407932	0.0858486039517438	0.935507377393223
ETFDH	0.189521665716812	1.75213387514941	2.74843612593145	0.637502126615954	0.523797825180077	0.935507377393223
AHI1	0.189865206908815	1.75175059287341	2.71404322003732	0.64543946092698	0.518642438101487	0.935507377393223
DAXX	1.44919619760374	1.75036798201981	0.802986286749356	2.17982300682324	0.0292705838477835	0.935507377393223
HELQ	0.190116455536965	1.74656484165202	2.82362216767135	0.618554727912629	0.536209733828065	0.935507377393223
RP11-393N4.2	0.18569289702075	1.7454454323019	2.75687487139549	0.633124647916422	0.526652247664374	0.935507377393223
PCDH8	0.189543272984432	1.74360950643788	2.99265513643443	0.582629613820218	0.560142665372849	0.935507377393223
SDF4	1.74707767313185	1.74073962589568	0.712502947443656	2.44313322792722	0.0145603610762531	0.935507377393223
KRT7	1.1468934092561	1.7399458092978	1.24841526015628	1.39372359889288	0.163401087091592	0.935507377393223
DHRS7	3.12223644649673	1.739634094128	0.874726520837318	1.98877483726315	0.0467260613606637	0.935507377393223
UBA1	1.17357419269267	1.73897133492598	0.89587770236181	1.9410811658126	0.0522484331610388	0.935507377393223
RP13-582O9.5	0.196054852535394	1.73828763802962	2.72856923612101	0.637069279759527	0.524079717765074	0.935507377393223
PHF12	0.196980578255652	1.73799167050011	2.6758337366103	0.64951407358432	0.51600615277688	0.935507377393223
DNAJC5	0.881806683787081	1.73680047774849	1.06164975192065	1.63594488163955	0.101851123581073	0.935507377393223
MPI	0.196393040664702	1.73614444417996	2.96212849816037	0.586113818241913	0.557799030954429	0.935507377393223
APOO	0.541177675739161	1.73607101737594	1.23195789398034	1.4091967151303	0.158777008810311	0.935507377393223
COL18A1	0.194512649883075	1.73384392201223	2.80411554334714	0.618321140912266	0.536363668839068	0.935507377393223
NBPF11	0.205778044812215	1.73362927231236	2.65886907445403	0.652017539700915	0.514389857527004	0.935507377393223
RRAS2	0.908857119546694	1.73327083049925	1.03557191508413	1.67373294433004	0.0941830961048917	0.935507377393223
GALE	0.196796768290866	1.73325484209094	2.88255946346462	0.601290229762582	0.547646695882126	0.935507377393223
NDNL2	0.586323734168708	1.73289513645743	1.27665163610871	1.35737509547974	0.174662057294731	0.935507377393223
EPHB4	0.19610535642574	1.7328804104628	2.79827547730236	0.619267268186674	0.53574030360963	0.935507377393223
DPF2	0.91020837975785	1.73286355145707	1.03538960285505	1.67363429831511	0.0942024934857861	0.935507377393223
TMEM199	0.888110145750188	1.73271316370217	1.07330017475799	1.6143789076461	0.106445263921275	0.935507377393223
TYW1	0.202376218490284	1.7316680932194	2.66408640030528	0.650004479216951	0.515689328289405	0.935507377393223
MAN2C1.1	0.18511926845408	1.73063178191538	2.88320170172405	0.600246517918091	0.548341955980741	0.935507377393223
RASEF	0.205464621269522	1.72997219875264	2.65144151118173	0.652464778671133	0.514101387139287	0.935507377393223
ELAC2	0.909086766344389	1.72813607996188	1.13578692962693	1.52153193075528	0.128126404661687	0.935507377393223
SETD4	0.208717388408593	1.72799075024557	2.58385524586179	0.668764534318653	0.503645693635416	0.935507377393223
FAM133B	1.56126915204581	1.72753977019993	0.920625049530785	1.87648573225376	0.0605886120619975	0.935507377393223
TYSND1	0.196240638534375	1.7255848531581	2.94374451301293	0.586187029998728	0.557749836617803	0.935507377393223
CDK5RAP3	0.569136941975458	1.72414055758095	1.30028338289734	1.32597292271717	0.184848666466537	0.935507377393223
AIF1L	0.55243087534141	1.72341374867676	1.22541891483456	1.40638742214081	0.159609113150205	0.935507377393223
CES2	0.585187207414221	1.72336143819874	1.21474499482506	1.41870223424706	0.155985845571571	0.935507377393223
C10orf32	0.589392043341026	1.7217259373088	1.27234320766824	1.35319301186362	0.175993977173441	0.935507377393223
SF3A2	0.588239584741444	1.72126874960484	1.25643518161775	1.36996223505026	0.170698690632614	0.935507377393223
CLEC16A	0.188532729110399	1.72112480085134	2.6957152985801	0.638466829845832	0.523169839698706	0.935507377393223
MFN1	0.226529107749881	1.71983498857294	2.84142358073271	0.60527230091103	0.544998082747559	0.935507377393223
AARSD1	0.208468990935252	1.71880724985675	2.6874769169483	0.639561679215652	0.522457602443124	0.935507377393223
COG4	0.213694486823101	1.71845685422072	2.59981538528439	0.660991878095508	0.508617522188458	0.935507377393223
HMGB3	2.04449191333365	1.7161962080742	0.868816621627074	1.9753261682082	0.048231145442762	0.935507377393223
MAP2K1	1.24273124061415	1.71531743341929	0.953507903977824	1.79895460358888	0.0720258620232377	0.935507377393223
LSM12	0.611608839564549	1.71371006295036	1.27972002312705	1.33912889693078	0.180528714661594	0.935507377393223
INF2	0.556239386691297	1.71286628426981	1.20638485692435	1.41983403922751	0.155656002617415	0.935507377393223
C11orf49	0.559709197626645	1.71271391135459	1.25179083190996	1.36821094043433	0.171246058060038	0.935507377393223
CBL	0.196129378820481	1.71091579470009	2.69479657182065	0.634896085512	0.525496190274274	0.935507377393223
ATP13A3	0.212316910679664	1.70799573892059	2.57044965635767	0.664473523025857	0.506387289530033	0.935507377393223
PNKP	0.92313643634982	1.70731943519555	1.08654013484536	1.57133582133028	0.116104664795678	0.935507377393223
SSH1	0.216713190972219	1.70707235170497	2.54731051469736	0.670146941982762	0.502764123067635	0.935507377393223
MTMR4	0.627223197078632	1.70676747162898	1.23249263869016	1.38480946502274	0.166110735995243	0.935507377393223
VWA9	0.228401525262164	1.70601013026795	2.6046366265538	0.654989687573111	0.5124743936424	0.935507377393223
ACBD3	0.923697825703071	1.7052060067016	1.06862905190783	1.59569497353388	0.11055691141492	0.935507377393223
AC074183.3	0.191605076391444	1.70476011155606	2.69827069311974	0.631797289983913	0.527519344701382	0.935507377393223
ARID3B	0.200158708315275	1.70447662967553	2.73514934528949	0.623174976756206	0.533169543612945	0.935507377393223
EHD1	0.217773247227789	1.70345349645594	2.70171448187425	0.630508333831859	0.528362051975831	0.935507377393223
PLAUR	0.210931645906946	1.70133206711799	2.89742510402945	0.587187591062129	0.557077725416558	0.935507377393223
TOE1	0.208318689696522	1.70076233172999	2.62866003798894	0.647007337255813	0.517627194795767	0.935507377393223
LDLRAP1	0.208187882743757	1.70050849689023	2.63566162719032	0.645192265709392	0.518802597689499	0.935507377393223
PREPL	0.213011271422934	1.69870523866061	2.70647868700265	0.627644047898222	0.530237146545142	0.935507377393223
POU2F1	0.215803466291204	1.69720958291837	2.39313689252993	0.709198704100939	0.478201177571198	0.935507377393223
FAF2	1.22934106930492	1.69691307413769	0.856299582718987	1.98168153807751	0.0475148947845222	0.935507377393223
HMCES	0.595283425482983	1.69524852494268	1.22914591760704	1.37920852248614	0.167830471153183	0.935507377393223
B4GALNT1	1.48549167642976	1.69276147942755	0.753655161264285	2.24606898012597	0.0246995898862196	0.935507377393223
ASCC2	1.24781275470133	1.69271630129562	0.924476513423118	1.8309997893055	0.0671005745262522	0.935507377393223
ARHGAP10	0.215853006837891	1.69270642585703	2.54413455736326	0.665336831716695	0.505835077820357	0.935507377393223
EYA3	0.220066627700762	1.69180886832754	2.51221287188531	0.673433723416085	0.500671400100643	0.935507377393223
KIAA1586	0.214665587589446	1.68889475710225	2.43014085424918	0.694978134353474	0.487069004637954	0.935507377393223
RSRC1	1.28857212899056	1.68876526473241	0.961131368589866	1.75705977343149	0.0789076213807113	0.935507377393223
TAX1BP3	1.50932619573635	1.68817467871565	0.865165235100634	1.95127428868462	0.0510244259115163	0.935507377393223
DDT	3.52369061639454	1.6872684839005	0.617625096566377	2.7318651610511	0.00629769093291004	0.935507377393223
NIPAL1	0.214330883178491	1.68699126355333	2.58080835596337	0.653667778025928	0.513325866954432	0.935507377393223
ASS1	0.202529462532757	1.68604043300425	2.73924327342967	0.615513214674522	0.53821584501473	0.935507377393223
ZNF281	0.930071593797655	1.68422790287722	0.998902069663014	1.68607910027196	0.0917805648946287	0.935507377393223
ULK3	0.207903975676486	1.6838829182079	2.84049207667162	0.592813805761786	0.553305767353061	0.935507377393223
L1CAM	0.20693857283523	1.68334857019355	2.77036900378143	0.60762612052613	0.543435472660885	0.935507377393223
RAB39B	0.61221213323334	1.68300902937059	1.37205651152268	1.22663244205796	0.219960770009066	0.935507377393223
SLC7A11	1.25397969570047	1.68002262359265	1.15645167312191	1.45273915256426	0.146296191883323	0.935507377393223
SCARB1	0.204493951393102	1.67783885346246	2.52409050906773	0.664730067101344	0.506223159109829	0.935507377393223
MARK2	0.930662943344296	1.67687964424978	1.03215590313956	1.62463794388923	0.104239727189204	0.935507377393223
UBTD1	0.865429920465351	1.67511306164	0.981047885371448	1.70747329117963	0.0877341180041376	0.935507377393223
ZNF32	0.599229048739114	1.66962103875217	1.19939182434105	1.39205637796428	0.163905326363332	0.935507377393223
MLST8	0.592742720540231	1.667557523679	1.14735898820136	1.45338777211579	0.146116119609479	0.935507377393223
APC	0.222552258702031	1.66651712861571	2.51157616838425	0.663534377174719	0.506988369986824	0.935507377393223
TVP23C	0.202698164255759	1.66590325177371	2.69792870516072	0.617474897904862	0.536921533399048	0.935507377393223
SMURF2	0.631691177301644	1.66556178034915	1.21508697213904	1.37073462109226	0.170457698149777	0.935507377393223
CXorf38	0.232382844096656	1.66543671295632	2.36660664083818	0.703723501919383	0.481604981401238	0.935507377393223
ABR	0.221846664871322	1.66538404266985	2.35575952285329	0.70694144564159	0.479602866562537	0.935507377393223
ALKBH1	0.239833844558319	1.66399857785206	2.48221833782096	0.670367530727703	0.502623527655236	0.935507377393223
SRPK1	1.59687301720122	1.66295525309444	0.843348231853752	1.97184886418641	0.0486268622531041	0.935507377393223
CNKSR3	0.232206245169687	1.66227860479979	2.42359474029067	0.685873168960758	0.492793091071426	0.935507377393223
HMHA1	1.49043689485124	1.66212895404675	0.955609917430473	1.7393383259521	0.0819752696201703	0.935507377393223
GPRIN1	0.215494143192723	1.66155689839523	2.43817836080841	0.68147471288537	0.495571162001182	0.935507377393223
TIMM10B	1.22310216039378	1.66101694683641	0.869543441276015	1.91021732554148	0.0561052373049543	0.935507377393223
RP11-452F19.3	0.211413787236247	1.65996753540549	2.47053600768878	0.671905825391477	0.501643651596005	0.935507377393223
KIAA0556	0.223421428077534	1.65918246520355	2.28345329632062	0.726611079752332	0.467464238926332	0.935507377393223
PUS3	0.219792385478183	1.65851525422192	2.3774772194104	0.697594593412433	0.485430763729147	0.935507377393223
CCNT2	0.250922639502132	1.65744917882381	2.49696528062084	0.663785432535813	0.506827650602756	0.935507377393223
NCLN	0.605182562556061	1.65657337574759	1.15541916111211	1.43374234347396	0.151645803828994	0.935507377393223
LMF2	0.220127009657474	1.65596090621149	2.58793379481661	0.639877615697985	0.522252167538212	0.935507377393223
THOC6	0.219150866903835	1.65567469093143	2.53342267946323	0.653532750122148	0.513412883079412	0.935507377393223
YARS	0.936827883808389	1.65436300974243	1.08994097521467	1.51784642229512	0.129053119191889	0.935507377393223
VPS53	0.666102055403415	1.65429031554806	1.23243657806104	1.34229245138984	0.179501190020929	0.935507377393223
CHUK	0.219481573318038	1.64964431972539	2.34482132173325	0.703526662963813	0.48172759653159	0.935507377393223
MAP1S	0.221648812965431	1.64788888172743	2.52447430260923	0.652765163830038	0.513907685117308	0.935507377393223
REXO1	0.222410542436536	1.64782252573427	2.29509413671052	0.717976007771096	0.472772080276677	0.935507377393223
DDI2	0.240045321346943	1.64760977215789	2.27322895034767	0.724788311316333	0.468581907652861	0.935507377393223
RP3-325F22.5	0.222833079478827	1.64517404804109	2.47443279702435	0.664869157093094	0.506134184545834	0.935507377393223
TNRC6A	0.983867055335551	1.64484562020914	1.00912995755214	1.62996411700934	0.103109081059906	0.935507377393223
COL4A3BP	0.256627415870293	1.64445320711273	2.2754264032751	0.722701118676398	0.469863528140544	0.935507377393223
TMED5	0.577907126104384	1.64236204055498	1.18991897506304	1.38023014589541	0.16751579494965	0.935507377393223
EBP	0.902042711471752	1.64229980423903	1.01558652980167	1.61709490629002	0.105857796227311	0.935507377393223
NDUFAF1	0.220389854076531	1.64161180315852	2.48705046766273	0.660063727899042	0.509212934250552	0.935507377393223
NSUN5P2	0.207006366656675	1.64092614609393	2.39902157190709	0.683998078762368	0.493976378982697	0.935507377393223
ATRAID	1.26981731643509	1.64011121139394	0.896377135513023	1.82971111869699	0.0672931474094205	0.935507377393223
L3MBTL2	0.233527433506171	1.6393539664681	2.44198770016142	0.671319501879447	0.502017013633969	0.935507377393223
KLF10	0.248434444294793	1.63814193803551	2.66481734067707	0.614729540006407	0.538733348079358	0.935507377393223
OSGEP	0.643081115788538	1.63701541677002	1.29891803123558	1.26029154835338	0.207564207728304	0.935507377393223
MBD4	1.95460626246763	1.63686911419761	0.777178877360274	2.10616778438102	0.0351897804684422	0.935507377393223
TRPS1	0.235690125615192	1.63633820032238	2.42561209253314	0.674608361889186	0.499924618980917	0.935507377393223
TCTEX1D2	0.592747490901523	1.63551133513534	1.22940709959627	1.33032527278591	0.183411123788476	0.935507377393223
PARP4	0.223829849656283	1.63456278150461	2.42429809071637	0.674241665150016	0.500157684422093	0.935507377393223
SPATC1L	1.18014026591857	1.63452380589244	0.905136214599908	1.80583185108215	0.0709446086446753	0.935507377393223
CLUHP3	0.647003781915848	1.63285857815067	1.25799137351501	1.29798869255218	0.194291220563955	0.935507377393223
RP11-436H11.1	0.206019390327126	1.63238474677267	2.37891479620267	0.686188824155602	0.492594044297229	0.935507377393223
ATP6V0D2	0.237064754102417	1.63015416030654	2.72681970237325	0.597822495886972	0.54995837864742	0.935507377393223
ATP6AP2	0.971968951443039	1.62976266758333	1.16407001533245	1.40005553456154	0.161496689015707	0.935507377393223
TMEM63B	0.233106716207196	1.62969577263183	2.30517663364967	0.70697218982808	0.479583760310842	0.935507377393223
AIP	1.52637690106811	1.62870960434218	0.804278195249249	2.02505751612157	0.0428614586156527	0.935507377393223
AMDHD2	0.237297365536038	1.62829058481942	2.5143437633616	0.647600621898434	0.517243294947757	0.935507377393223
SWSAP1	0.230321440689032	1.62591085281121	2.26894326880577	0.716593876614196	0.473624723900005	0.935507377393223
CDKN2B	0.232746658437965	1.62485286062641	3.49546023342276	0.464846615930558	0.642041302314611	0.935507377393223
SP100	0.242345668273283	1.62428332936257	2.38513399712259	0.681002967263933	0.495869612882157	0.935507377393223
CCDC53	0.932327576182964	1.62424185697983	1.02368770573008	1.58665757915052	0.112590218940455	0.935507377393223
AL133243.2	0.233543501736682	1.62186785971861	2.19573619825036	0.738644223750999	0.460123062860494	0.935507377393223
ZNF707	0.228337224147394	1.6218197825387	2.40005731841318	0.67574210419732	0.499204398752879	0.935507377393223
RBBP4	0.668833753426917	1.62030380517024	1.22953453431476	1.31781886555408	0.187564290993488	0.935507377393223
COG3	0.229194016434734	1.62010791210443	2.21598155672326	0.731101713003454	0.464717028083829	0.935507377393223
DLAT	0.234040629701645	1.6200051557998	2.40472492782842	0.673675869140982	0.500517406610742	0.935507377393223
MRPL47	3.51597055277312	1.61793313049859	0.710092822683775	2.27848117712789	0.0226979247159907	0.935507377393223
PRKX	0.233689950723869	1.61673603774202	2.30692883056518	0.700817474870228	0.483416931055708	0.935507377393223
KIAA2018	0.254667004369856	1.61649224397652	2.32115270127044	0.696417880259133	0.486167168654774	0.935507377393223
TMEM41A	0.638427462018913	1.61623550236099	1.15566809885264	1.39852913130129	0.161954231005037	0.935507377393223
WDFY2	0.2338632328322	1.61578332481164	2.37586296480558	0.680082710470578	0.496452091283174	0.935507377393223
CRBN	1.3314503061031	1.61362072848756	0.941997461852907	1.71297778798	0.0867166260431082	0.935507377393223
CTPS1	0.250993085137054	1.6131439661318	2.35418056875542	0.68522524887911	0.493201793420046	0.935507377393223
SCO1	0.648454225215321	1.61268719206312	1.30563736848176	1.23517236178558	0.216766363037102	0.935507377393223
RP11-492M23.2	0.224476306411321	1.61054589821282	2.22381288593797	0.724227253289576	0.468926229634414	0.935507377393223
GATAD2B	0.242291325135532	1.61035872643022	2.2368202902078	0.719932098917351	0.471566803448192	0.935507377393223
ING5	0.232265828904025	1.60983941742864	2.32480199413137	0.692463023299383	0.488646599343994	0.935507377393223
KLHL20	0.262515188505342	1.60882632403262	2.26656280969148	0.709808842337624	0.477822685022397	0.935507377393223
ERVK3-1	0.247480243881733	1.6060933646093	2.22454970178187	0.721985830805582	0.47030318900521	0.935507377393223
SLC35B4	0.61783416272838	1.60474116834304	1.21147854490337	1.32461377470868	0.185299284835881	0.935507377393223
COG8	0.254136042078603	1.60417942342977	2.249764982212	0.713043111664278	0.475819080120302	0.935507377393223
LSM4	2.26559765205679	1.60193658087273	0.726779478995444	2.20415769455535	0.0275132558274821	0.935507377393223
DNAJA4	0.993532890914867	1.60177885397464	1.33365173405536	1.20104732972825	0.229732842357389	0.935507377393223
PLGRKT	0.254148329094494	1.59987867815964	2.27866852466045	0.702111193815714	0.482609822030132	0.935507377393223
FBXO11	0.258571824958112	1.5994401248271	2.31596417588159	0.69061522690361	0.489807375851342	0.935507377393223
SF3B5	4.45847377175881	1.59907626921636	0.615454633349695	2.59820331599938	0.00937129880755067	0.935507377393223
CBWD2	0.235569113174862	1.59906465401483	2.31682499242685	0.690196566094459	0.490070582526311	0.935507377393223
RAB40B	0.239831826737796	1.59706900588209	2.3626858739723	0.675954862843022	0.499069303316548	0.935507377393223
SCAND2P	0.241913636459856	1.59635748449474	2.43718470450524	0.655000616713129	0.512467356994256	0.935507377393223
SAAL1	0.243914828071141	1.59386257210692	2.1553212423976	0.739501166115679	0.459602731899175	0.935507377393223
DDX42	1.70400916296834	1.5928623612465	0.917903374478746	1.73532683889636	0.0826829305300148	0.935507377393223
EXOSC10	0.251015902264577	1.59278487257026	2.29606940605605	0.69370066443513	0.487869949241759	0.935507377393223
ZNRD1	0.628018268859471	1.59263985455477	1.17152590124903	1.35945765506061	0.174001612024306	0.935507377393223
TPST2	0.238977500416926	1.59259405730942	2.20994667531542	0.720648183550453	0.471126000451584	0.935507377393223
PLA2G15	0.25825288735173	1.59233180001517	2.30629810338659	0.690427572080545	0.489925342621115	0.935507377393223
CEP63	0.239571518262239	1.59219250510484	2.11286278543497	0.753571181280975	0.451106754405058	0.935507377393223
SNHG19	0.229135635019524	1.59116684013585	2.3773360930045	0.669306643186877	0.503299889968885	0.935507377393223
TRUB2	1.0013027790751	1.58848135726982	0.992183653127125	1.60099529181247	0.109377961951178	0.935507377393223
KXD1	1.91036019697145	1.58684923037887	0.735606011249909	2.15719992239129	0.0309900905229876	0.935507377393223
DR1	0.646632022613733	1.58679798171346	1.17954154724271	1.34526671436267	0.178539118582979	0.935507377393223
PIEZO1	0.637222277048402	1.58412617552007	1.21814189990463	1.30044469830985	0.193448598577313	0.935507377393223
VAMP2	1.32344355690561	1.58394359471039	0.917502432299659	1.72636446395061	0.0842818646708348	0.935507377393223
NOC3L	0.258081720352346	1.58298846987936	2.28211676900989	0.693649199451852	0.487902231501062	0.935507377393223
KRT16	0.249940698151308	1.58137719198394	3.32396501666311	0.475750251298211	0.634252315924803	0.935507377393223
LINC00680	0.252477982851799	1.58052213867701	2.19461270936652	0.720182714668247	0.471412505076756	0.935507377393223
RP11-443P15.2	0.253248260346822	1.57947254489521	2.52784127573728	0.624830585707776	0.532082254300156	0.935507377393223
SLC12A9	0.249605182180151	1.5768392544651	1.95475492598254	0.806668515580035	0.419857487977531	0.935507377393223
ARHGDIG	0.237648175011022	1.57622257506897	2.59432051417858	0.607566631206338	0.543474937840975	0.935507377393223
RP11-727A23.5	0.263023192099814	1.57476812401404	2.10978202073713	0.74641271398447	0.455418141334678	0.935507377393223
UCK2	0.24016457143686	1.57244616825474	2.20352533358052	0.713604760649458	0.475471612947014	0.935507377393223
PDHB	0.658085539976544	1.56991455732718	1.31419534815406	1.19458234236814	0.23225025154083	0.935507377393223
ATP6V1A	1.34137684307589	1.56841949009192	0.983212882792223	1.59519827042723	0.110667905418509	0.935507377393223
UQCC2	2.56305606776605	1.56761010045022	0.686729530640445	2.28271834908317	0.0224469642340282	0.935507377393223
PPP1R12C	0.233867096313767	1.56669765720767	2.24004219092378	0.699405423503016	0.484298699406596	0.935507377393223
KNSTRN	0.253073166579242	1.5641967258516	2.1333717192962	0.733204022394945	0.463434002402829	0.935507377393223
IL10RB	0.987928555393141	1.56396420298168	1.17448650690027	1.33161530063835	0.182986634472496	0.935507377393223
ARL5B	0.245920326474698	1.56348163884174	2.23805940220868	0.698588088099351	0.48480949011935	0.935507377393223
IMPDH1	1.30294668763784	1.5622199965953	0.940678570653754	1.66073730744136	0.0967662171244116	0.935507377393223
PLXND1	0.253150617892838	1.56143456716363	2.14137980116184	0.729172175023062	0.46589634947672	0.935507377393223
THOP1	0.261014012654176	1.56130244505716	2.13400387170136	0.731630558763883	0.464394091086098	0.935507377393223
IRX3	0.252043452076457	1.56067991752589	2.39816402187181	0.650781140610955	0.515187776085107	0.935507377393223
SECISBP2L	0.25790463201628	1.56044781595298	2.19140444625159	0.71207659481669	0.476417346787314	0.935507377393223
HDAC1	0.688864252768455	1.5604185799637	1.26585743753902	1.23269693228437	0.217688856804789	0.935507377393223
MIR22HG	0.286292518915813	1.56002639822015	2.35581907774168	0.662201275539215	0.507842236856387	0.935507377393223
MRPL43	2.61568117423248	1.55624822376024	0.657673067833433	2.36629459206376	0.0179671413512008	0.935507377393223
CHKA	0.262783728738024	1.55136777069771	2.22267697923002	0.697972663232036	0.485194290138361	0.935507377393223
ZFAND2B	0.639264876994167	1.54805200984451	1.19719912101313	1.29306143203186	0.195989812947339	0.935507377393223
TRMT10C	1.01403370406997	1.54781479184867	1.09238776449699	1.41690967452514	0.156509337603821	0.935507377393223
PAICS	0.67411559170047	1.54585348508952	1.26419002617733	1.22280151961322	0.221404671376266	0.935507377393223
C6orf226	0.249251492305127	1.54371524509934	2.16806473719677	0.712024515972392	0.476449594897974	0.935507377393223
FAM127C	0.252722375485589	1.54323503735575	1.99450330204012	0.773744037313558	0.439082172489338	0.935507377393223
GLI4	0.263843619956465	1.5428989239164	2.17541259520435	0.709244272703803	0.478172903928049	0.935507377393223
WDR54	0.987374021898075	1.5424005121175	0.979052788431686	1.57540076525213	0.115163967883436	0.935507377393223
RP5-1059L7.1	0.252927824585931	1.54151767989492	2.25152100924212	0.684656138480276	0.493560933030922	0.935507377393223
ITM2C	0.262724185882642	1.5403815656099	2.06937115276422	0.744371817279993	0.456651564083863	0.935507377393223
WASH3P	0.255479888228636	1.53856540034013	2.00662899811246	0.766741336733092	0.443235321273534	0.935507377393223
RP11-417L19.5	0.264699933528015	1.53671384012813	2.21287827541898	0.694441197782183	0.487405565113362	0.935507377393223
SPHK2	0.265751537804247	1.53667886500221	1.9294892170077	0.796417441184421	0.42578944410288	0.935507377393223
RRN3	0.26775233023293	1.53643424065281	2.08108916459131	0.738283715467108	0.460342060086488	0.935507377393223
RHOV	0.631768950533716	1.53519591854377	2.07470788667053	0.73995762411037	0.459325707514337	0.935507377393223
AP4M1	0.272434509593436	1.5351033239969	2.01952078022129	0.76013247253078	0.447175404093476	0.935507377393223
IFT46	0.2594587044455	1.53241885788711	2.26610372798403	0.676235089754864	0.498891397175899	0.935507377393223
GPR137B	0.258780260121018	1.53199102785285	2.00067911935557	0.765735501026429	0.443833698875765	0.935507377393223
SLC37A1	0.265931533010221	1.53189087636687	2.08151247432001	0.735950850771292	0.461760609195191	0.935507377393223
SAP30	0.261645111722548	1.53028505243271	2.1327051891617	0.717532390416424	0.473045657921606	0.935507377393223
SMS	1.7540955493231	1.53000229542419	0.92723906485528	1.65006237702355	0.0989301787606053	0.935507377393223
GOLT1B	0.677359670735676	1.52885542360945	1.18404851996917	1.29121011328933	0.196630829201056	0.935507377393223
ZSCAN26	0.284713556008015	1.52550947437852	2.0536416534941	0.742831385301809	0.457583771271043	0.935507377393223
MRPS36	3.33775339970862	1.52327383496534	0.621903411869642	2.44937365817931	0.0143104904745815	0.935507377393223
TMTC3	0.280877203472874	1.52320298005682	2.11705011047074	0.719493115691119	0.471837142448525	0.935507377393223
PRUNE	0.267696819304119	1.52281249070777	1.97130009925157	0.772491459461665	0.439823403315329	0.935507377393223
NMT2	0.275825417434962	1.52081125419773	2.09497453475852	0.725933050242554	0.467879814254813	0.935507377393223
COL6A2	0.257777256470619	1.52065833824317	2.15426416323158	0.705882947967741	0.480260932688099	0.935507377393223
GPC1	0.28111977477566	1.52033157826714	2.14025032415	0.710352224275886	0.477485741974943	0.935507377393223
MGME1	0.271012853754869	1.51995152534723	2.1571817754616	0.704600577770959	0.481058838852212	0.935507377393223
INPP5K	0.277108580617606	1.51992980279302	2.0378029662776	0.745866910562719	0.45574781563871	0.935507377393223
ASB7	0.274946900265341	1.51785019166302	1.93720865637205	0.783524369804134	0.433319248706647	0.935507377393223
ARRDC4	0.686496404269472	1.5176870532028	1.27427165375084	1.19102316114108	0.233644492559011	0.935507377393223
DRAM1	0.261654767094628	1.51676963818617	1.97174677327488	0.769251741016908	0.441743879914828	0.935507377393223
CPT1A	0.298750222691258	1.51505400890292	2.24615655140625	0.67450953405469	0.499987426390326	0.935507377393223
SAV1	1.02783187024934	1.51500362941475	0.949760976353316	1.59514200639379	0.110680483808427	0.935507377393223
SRPR	0.298533614578498	1.51429148561661	2.04463833486562	0.74061581444238	0.458926416474676	0.935507377393223
TINF2	1.72811383640001	1.51368522077627	0.887526868409478	1.70550917910679	0.088099501815011	0.935507377393223
NUMA1	0.269912589787859	1.51340341436787	1.90092600109598	0.796140098823058	0.425950609542234	0.935507377393223
SH3BP4	0.282802760108394	1.51319228958049	2.00848756492622	0.753398883819366	0.451210253328458	0.935507377393223
HSPBP1	0.985633052852855	1.51263336790301	1.01747415843256	1.48665531735298	0.137105869663921	0.935507377393223
MED29	0.661599671262257	1.51135017296991	1.20735615872741	1.25178487064076	0.210648264504476	0.935507377393223
NIF3L1	0.277787933108965	1.51014012135139	2.05684456703636	0.73420235323241	0.462825419486807	0.935507377393223
POMGNT1	0.684385244938655	1.50644831840206	1.16990720156046	1.28766479631266	0.19786267302476	0.935507377393223
ALCAM	0.275492394154103	1.50600230328127	2.27037539233217	0.663327442839434	0.507120864320827	0.935507377393223
C1orf53	0.264270482934268	1.50585586345741	2.35350469724323	0.639835503715497	0.522279548084142	0.935507377393223
RAB11B	0.660804727678144	1.50442960542819	1.17600551649923	1.27927087443146	0.200801685299023	0.935507377393223
NIPA1	0.269238990049926	1.50250665451588	1.96202265224011	0.765794754102564	0.443798436088296	0.935507377393223
SMARCA5	0.737073021167502	1.50246026544347	1.22816270775357	1.2233397545441	0.221201397766875	0.935507377393223
RQCD1	0.743946948186	1.50061657697116	1.35478932449717	1.1076383241565	0.26801804528577	0.935507377393223
ZNF592	0.283888227125169	1.49948560085449	1.95486772002106	0.767052207930638	0.443050475469359	0.935507377393223
TEAD4	0.277553645204489	1.49916473387029	2.31196542056203	0.648437351414126	0.51670211860331	0.935507377393223
GTF3C3	0.292857186330432	1.49791232222881	2.08830491633807	0.71728621165891	0.473197513286658	0.935507377393223
APIP	0.286601641658461	1.49712057024851	1.99719834924949	0.749610358335766	0.453489410420749	0.935507377393223
LIN52	0.28295124441081	1.49698153711485	1.97817090817096	0.756750355053485	0.449199440506208	0.935507377393223
GNA13	0.720644703472934	1.49643024590613	1.22540756870161	1.22116941671226	0.222021881205259	0.935507377393223
TMX2	1.0978545438463	1.49641531996447	1.02232018612221	1.46374427530436	0.143263833225028	0.935507377393223
C1orf86	2.01180616554144	1.49620539727786	0.796012447751282	1.87962562834867	0.060159117919291	0.935507377393223
SGTA	0.699792447764325	1.49615738598512	1.23130064041466	1.21510323058166	0.224326721599515	0.935507377393223
LMO7	0.289382071073827	1.49607767107456	2.12749459504573	0.703211032619522	0.481924244763843	0.935507377393223
GNA11	0.265379586326906	1.49573621634745	2.0298285691078	0.736878098530702	0.46119648395061	0.935507377393223
SPG21	2.38100346434785	1.49528142429493	0.639989186823475	2.33641670059554	0.0194695343804457	0.935507377393223
KDSR	0.281814149919134	1.49514069322601	1.95808049812594	0.763574681764613	0.445120741825228	0.935507377393223
H2AFJ	2.37033956842878	1.49267806954412	0.928597547929269	1.60745424416931	0.107954758958408	0.935507377393223
CSGALNACT2	0.270764148218399	1.492102637811	2.02682666266343	0.736176736421179	0.461623147872292	0.935507377393223
PLOD2	0.282075563783984	1.48963960374141	2.17669225327844	0.684359307797316	0.493748304876052	0.935507377393223
SFT2D1	1.35080684641463	1.48838996658276	0.879793261269529	1.69174967814033	0.0906937120172422	0.935507377393223
UBLCP1	0.290967496921141	1.48798704043006	2.19808540905538	0.67694687126353	0.498439663879746	0.935507377393223
ANAPC15	0.977072271715548	1.48701409649719	1.03951516489388	1.43048812245946	0.152576972373775	0.935507377393223
SPHK1	1.06358195723114	1.48475274430335	1.16876881000017	1.27035623435496	0.203957765439944	0.935507377393223
SGCB	0.292207782698788	1.48311103863712	1.95172695394987	0.759896785580393	0.447316283178754	0.935507377393223
CDC5L	0.728818951033162	1.48290442222446	1.23954547380582	1.19632918159222	0.231568125304026	0.935507377393223
PTPLB	0.292678544518459	1.48259487223299	2.02533152344303	0.732025772112905	0.464152837608347	0.935507377393223
TAF8	0.277952524530705	1.48215379649633	1.88108599942847	0.787924527079918	0.430740853560493	0.935507377393223
CMSS1	0.710477102983708	1.48172618017892	1.4434638046785	1.02650733283121	0.304652508992992	0.935507377393223
CRELD1	0.275754845509471	1.48152580057938	2.0182781766123	0.734054313100751	0.4629156366636	0.935507377393223
TBCE	0.299692748062207	1.48127307589689	1.90153782870004	0.778986909195253	0.43598742617787	0.935507377393223
MPC1	0.69112183173173	1.48084990621108	1.24839987931636	1.18619837341062	0.235543968466267	0.935507377393223
KCTD5	1.11646528938656	1.47976207876546	1.08451711789849	1.36444326635697	0.172428098508545	0.935507377393223
RP11-386G11.10	0.27198807995508	1.47953057569559	1.95496324824035	0.756807360459233	0.449165282478562	0.935507377393223
ATG2A	0.293686597197146	1.47727628821325	2.01325639610534	0.733774541122063	0.463086159352783	0.935507377393223
ALKBH4	0.710643008571518	1.47354593251495	1.13806760665511	1.29477890759569	0.195396510188325	0.935507377393223
BAZ2B	0.305749417718846	1.47312194908206	2.17679174554769	0.676739955530938	0.498570960857701	0.935507377393223
GMNN	0.301668481371111	1.47309535374386	2.4056798062174	0.612340574143196	0.540312450259366	0.935507377393223
ATP13A1	0.291655673378819	1.47134238147238	2.01712471516266	0.729425588022572	0.465741370296965	0.935507377393223
ZADH2	0.279374567340121	1.4706202488999	1.81983541180387	0.808106183318077	0.419029458375868	0.935507377393223
NSMF	0.682956037356685	1.46853139560607	1.24548429167382	1.17908463833976	0.23836447489786	0.935507377393223
DCAF15	0.290852408934023	1.4682960502514	1.91893218260783	0.765163075359957	0.444174444156922	0.935507377393223
IDH3G	2.05403083825884	1.46750687640917	0.826428080562626	1.77572242633636	0.0757786791197556	0.935507377393223
BOP1	0.294425177607553	1.4670682399511	2.18897248404168	0.670208625575015	0.50272480604842	0.935507377393223
LAMTOR2	4.49806614558633	1.46664704510783	0.645970943586988	2.27045358567329	0.023180076387994	0.935507377393223
C12orf76	0.284102472709772	1.4653164253091	1.8685302085489	0.784208046840767	0.432918044251323	0.935507377393223
SLC25A4	1.03465931594155	1.46487101160158	1.04342888403692	1.40390115130237	0.160348286802895	0.935507377393223
PLIN2	0.290198582638774	1.46467216097413	2.3094494395228	0.634208368413891	0.52594484693957	0.935507377393223
DUXAP8	0.296936379295517	1.46383334306897	2.20358169986101	0.66429728616883	0.506500057633971	0.935507377393223
PRRG2	0.289505751618167	1.46324818466735	1.92038815600992	0.761954389318671	0.446087226717735	0.935507377393223
TMEM37	0.281819066892973	1.46288926442241	2.05619834464634	0.711453381056982	0.47680332985939	0.935507377393223
TTC28-AS1	0.278257430717353	1.46227822909415	1.8878155055233	0.774587466209423	0.438583465896872	0.935507377393223
ANKRD49	0.308682140715982	1.46209345891538	2.0739235201794	0.704989091781407	0.480817024571437	0.935507377393223
TMEM160	3.96565545370814	1.46187058996227	0.683600416188363	2.13848698061567	0.0324772396905788	0.935507377393223
ALG12	0.270507693335345	1.46176235979724	1.97931190979185	0.738520468939613	0.460198233369494	0.935507377393223
PNPT1	0.293422187353097	1.4614498354478	1.94615801723564	0.750940993745036	0.452688167896132	0.935507377393223
RFWD3	0.298109379774565	1.45895359013356	1.98391504692988	0.73539116122502	0.462101303284272	0.935507377393223
TMEM161A	0.714674917288303	1.4584662654669	1.17987663783133	1.23611758950294	0.216414857563496	0.935507377393223
DBF4	0.291728625047208	1.45670677057279	1.9312894977003	0.754266396781724	0.450689275615746	0.935507377393223
MARCH5	1.79661914627854	1.45598090454348	0.860035873480698	1.69293043399562	0.0904687095448234	0.935507377393223
SLC25A29	0.716635003385382	1.4551769241831	1.18638745880768	1.22656128348284	0.219987528438817	0.935507377393223
RPS6KA1	0.290270819089428	1.45460356825305	1.80574794620892	0.805540757394697	0.420507696633584	0.935507377393223
DCAF6	0.295979900353345	1.45406030950037	1.96891092638545	0.738509949848137	0.460204623138587	0.935507377393223
ORAI2	0.746030207085064	1.45365683894016	1.19270426522403	1.21879067705616	0.222923650913627	0.935507377393223
FSD1	0.312615021089172	1.44948683548144	2.22140353456948	0.652509466616275	0.514072567914081	0.935507377393223
DHX16	0.762584801073631	1.44912476187437	1.27103478646337	1.1401141631273	0.254238742083069	0.935507377393223
USP6NL	0.293208639073563	1.44681111591581	1.92908522651387	0.749998546477079	0.453255580174534	0.935507377393223
COMMD2	1.09991564513925	1.44629726665289	0.974621970163796	1.48395717614474	0.137820281833008	0.935507377393223
EPC1	0.754576928881518	1.44622127466619	1.1987248302566	1.20646643680235	0.227637692807141	0.935507377393223
PRMT5	1.07716649681128	1.44337891633098	1.07089672469469	1.34782270133703	0.177715414565762	0.935507377393223
ZZZ3	0.320168009871999	1.44336150500964	1.93567035983251	0.745664930848311	0.455869848762089	0.935507377393223
MED27	0.720173423589111	1.4426866875636	1.21892475176074	1.18357321522894	0.236582048353539	0.935507377393223
PI4K2A	0.304057648977269	1.44203087903843	1.97799047527985	0.72903833312666	0.465978214402051	0.935507377393223
GPATCH3	0.745252953632134	1.43428123619658	1.20825619393237	1.18706714966516	0.235201134720895	0.935507377393223
TMUB2	0.299131417834035	1.43419413462098	1.86589806797529	0.7686347712323	0.442110157628628	0.935507377393223
PPP1R3D	0.312378857190742	1.432347265602	1.89919697721204	0.754185733648671	0.450737702823522	0.935507377393223
ORC3	0.685639739787088	1.43220158009381	1.20242218182912	1.19109710527391	0.233615466141228	0.935507377393223
MAST1	0.302937884028698	1.43197630575136	2.06378546721016	0.6938590897663	0.487770581575313	0.935507377393223
KLHL21	0.301903902466856	1.4315404170339	1.94968994606895	0.734240036432581	0.462802456523152	0.935507377393223
TM7SF3	0.306514387164446	1.4306953875077	2.01320285809629	0.710656346306098	0.477297217184643	0.935507377393223
EDEM1	0.311452734727352	1.42982220328792	2.01946163384586	0.708021474300044	0.478931922029548	0.935507377393223
ANKZF1	0.310270518099201	1.42980271353937	1.94763261597252	0.734123418253302	0.462873522053637	0.935507377393223
ALDH9A1	0.310335234323759	1.42956210980203	1.90309838233008	0.751176146790544	0.452546653603778	0.935507377393223
NUP107	0.336990235888707	1.42850087673059	1.95250330209355	0.731625332053934	0.464397282139012	0.935507377393223
PHAX	2.27899876803263	1.42814420355785	0.846503782181209	1.68710906391689	0.0915823825153066	0.935507377393223
MSX1	0.302746636999744	1.42622999828033	1.96837821998459	0.724571113315557	0.468715185721484	0.935507377393223
FN3KRP	0.316950735918069	1.42592338691685	1.90377592477353	0.748997488812386	0.453858718987749	0.935507377393223
CCT6P3	0.333782664347867	1.42334433391901	2.15599766935466	0.660178976141958	0.50913898219515	0.935507377393223
TMEM192	0.745077093157783	1.42301726391952	1.21638169092399	1.16987724703301	0.242050371508194	0.935507377393223
ARID3A	0.311605845468098	1.42300455020823	2.0281213356535	0.701636793219628	0.48290570002664	0.935507377393223
SLC25A17	0.297005722461178	1.42183063536917	1.82464239541359	0.779237969556707	0.435839547241159	0.935507377393223
HLA-A	2.53765371177896	1.42177199781863	1.02467740047068	1.38753133148594	0.165279804072863	0.935507377393223
C6orf136	0.293090706618083	1.42128055597897	1.89666349354756	0.749358313066159	0.453641269650874	0.935507377393223
VRK2	0.314838746152928	1.42007393791206	1.88174231459593	0.754659087430359	0.450453560537928	0.935507377393223
RP5-940J5.9	0.306415649922093	1.41960075256058	1.92302362286192	0.738212851721435	0.460385114396461	0.935507377393223
SCOC	1.11844200063418	1.41866496689667	1.04564807976726	1.35673272331972	0.174866150918692	0.935507377393223
URB1-AS1	0.288891080195733	1.41796096062794	1.8673703674145	0.759335686894937	0.447651774815572	0.935507377393223
NOC2L	2.95937743400831	1.415766464185	0.718287058910618	1.97103156269056	0.0487202657257469	0.935507377393223
NOL4L	0.289661026563409	1.41353277016529	1.83759664008392	0.76922907853202	0.441757330924242	0.935507377393223
RNF126	2.19461634288465	1.41150845568963	0.748707264093395	1.88526080002552	0.0593946357683662	0.935507377393223
VPS28	1.44219088539613	1.41143127147416	0.86368441451454	1.63419791738109	0.10221729971963	0.935507377393223
TTC5	0.319443036556083	1.41071809852031	1.80773979729246	0.780376744835299	0.435169151956257	0.935507377393223
SUMF2	0.342901069646	1.40963967381315	1.98375152589156	0.710592861764589	0.477336567792366	0.935507377393223
IFT88	0.318972402912397	1.40952669979581	1.87305395738558	0.75252861469257	0.451733228471244	0.935507377393223
ZNF821	0.321070530421196	1.40840761422835	1.80119888452011	0.781927873891386	0.434256962677451	0.935507377393223
SMURF1	0.310970432570156	1.40713403182849	1.81675154333409	0.774533004797191	0.438615658261032	0.935507377393223
AES	1.42216946432227	1.40562348415029	0.918203457137978	1.53084098434087	0.125808697682779	0.935507377393223
UPF2	0.769383945862217	1.40467919939577	1.18827987772083	1.18211140803799	0.237161498405282	0.935507377393223
TMEM186	0.314926407375179	1.40391535100395	1.89526389067267	0.74074927397349	0.458845477001912	0.935507377393223
G6PD	4.31118972113462	1.40312028580635	0.852857429208617	1.64519911271493	0.0999287564553351	0.935507377393223
RHOT1	0.319672658967845	1.40288293564512	1.83036531751138	0.766449692978515	0.443408774390397	0.935507377393223
BCS1L	0.317424945146192	1.4026715686766	1.7338456169033	0.808994500434134	0.418518309648112	0.935507377393223
FSTL3	0.31312014042423	1.40183043966106	2.05705323670859	0.681475041406351	0.495570954195099	0.935507377393223
IPO13	0.302992031200056	1.39992304111225	1.99218330558128	0.702707947200562	0.482237773994192	0.935507377393223
MAP4K4	1.16189348739732	1.39931074195311	1.20364853545168	1.16255759113935	0.245009045625577	0.935507377393223
PCGF6	0.340212532483858	1.39794175510423	1.78530441227618	0.783027110386132	0.433611192138974	0.935507377393223
RNASEH2A	0.300592818475388	1.39676435061908	1.89411174269103	0.737424471396101	0.460864258342859	0.935507377393223
CARD8	0.306829932711042	1.39517926388935	1.92022839800993	0.726569435872977	0.467489757239287	0.935507377393223
VGF	0.336501434490746	1.39503073762632	1.91978681522326	0.72665919286673	0.467434757391626	0.935507377393223
MYO10	0.77224257367313	1.39482793699037	1.23192315304396	1.13223615738034	0.257535162627405	0.935507377393223
GPBP1L1	0.742251025201293	1.39391530267009	1.16085561359008	1.20076544089686	0.229842201062744	0.935507377393223
NCOA1	0.313920490073642	1.39341381816014	1.78175327061644	0.782046448932883	0.434187276449453	0.935507377393223
UBE2N	3.35134177556938	1.39143176828782	0.661945951662539	2.10203229552671	0.0355504468659718	0.935507377393223
TEX10	0.324130520536664	1.39125591482195	1.7843204829858	0.779711900461898	0.43556047251045	0.935507377393223
KEAP1	0.74703869528239	1.39096404370926	1.19055826168491	1.16832925231288	0.242673980229907	0.935507377393223
NOP14-AS1	0.315817672306886	1.39092433325823	1.89315142192702	0.73471372503443	0.46251385969767	0.935507377393223
MRPL46	1.48905039420958	1.39056959373409	0.920108009291479	1.51131125877807	0.130709166770089	0.935507377393223
CYB561A3	0.305204638931149	1.38828193568925	1.80089861779176	0.770882892559238	0.440776348128839	0.935507377393223
TERF2	0.313186408437162	1.38798198793691	1.9025361777062	0.729543019576285	0.465669562675813	0.935507377393223
MCAT	0.323659125810291	1.38762345257552	1.87465140218041	0.740203459139963	0.459176548978123	0.935507377393223
RBM27	0.322903723353478	1.38725048490572	1.84308925189957	0.752676780831941	0.451644166053748	0.935507377393223
AACS	0.325406157258771	1.38721590316275	1.79517966313577	0.772744885455977	0.439673376946501	0.935507377393223
TRAK2	0.321202600039217	1.38495334965323	1.88912098137808	0.733120516528768	0.463484927815905	0.935507377393223
NF1	0.343424409249676	1.3848307880115	1.78654654070566	0.775143975518552	0.43825458880564	0.935507377393223
ARMC7	0.318368627422813	1.38394395381864	1.79829335227414	0.769587426917019	0.441544665581108	0.935507377393223
LTBP4	0.310362350480758	1.38389963024301	1.72899285113892	0.80040795387408	0.423474474156527	0.935507377393223
CHD1	0.828050734902036	1.38352765109799	1.31798469984496	1.04972967536022	0.293842416004361	0.935507377393223
ITCH	0.335080331960059	1.38298146390788	1.83596043034171	0.753274112585569	0.451285211679381	0.935507377393223
CEBPA	0.331354581366888	1.38057208890294	1.85214442498834	0.745391164034971	0.4560352839177	0.935507377393223
MRPL28	2.56208541465187	1.38014198990727	0.760896281678008	1.81383721164157	0.0697027916874472	0.935507377393223
ANKRA2	0.328100060671324	1.37917187646972	1.72779845053793	0.798224975858919	0.424739946158584	0.935507377393223
EFR3A	0.344039831910972	1.37785983660607	1.83193998101826	0.752131538632729	0.451971959191015	0.935507377393223
ESCO1	0.345582781151002	1.37630838632612	1.98277688200812	0.694131749676351	0.48759958917852	0.935507377393223
TBP	0.318445603875496	1.37544124149581	1.91992199891588	0.716404750959924	0.473741462196208	0.935507377393223
ICE2	0.309206226767192	1.37390815201312	1.87144310903686	0.734143691239538	0.46286116753495	0.935507377393223
EHD4	0.339027065271495	1.37305250519934	1.83385072597768	0.748726428901311	0.454022110853474	0.935507377393223
RIC8A	0.762592943000541	1.37183982140262	1.18966928186987	1.1531270432119	0.248858243157956	0.935507377393223
YLPM1	0.335956899187625	1.371558346982	1.7476465846554	0.78480303685224	0.432569059305166	0.935507377393223
CITED4	0.333520398605794	1.37149236150073	1.94903155354307	0.703678890681658	0.481632769192325	0.935507377393223
RP11-889L3.1	0.281997648656735	1.37106833774756	1.74570492792955	0.785395238228309	0.432221871779698	0.935507377393223
FBXO18	0.758116468555094	1.37104297167574	1.16626939737671	1.17557999443321	0.239762753727427	0.935507377393223
CWC27	1.53546412710897	1.37043303975345	0.919152651911876	1.49097436307549	0.135968225889438	0.935507377393223
HES2	0.306807204087462	1.36951634141404	2.13014013883377	0.642923118740835	0.520273987410225	0.935507377393223
NME1	8.04999322351451	1.36782220896826	0.805555177741892	1.69798698681635	0.0895102179488934	0.935507377393223
COX10	0.320966619222526	1.36635564557647	1.91406700341701	0.713849433242013	0.475320288464575	0.935507377393223
CAMK2N1	0.317511632084291	1.36619164852288	2.11939812765033	0.644613029849898	0.519177988887878	0.935507377393223
POP4	1.14687288174552	1.36328833817253	1.06942292075901	1.27478877786251	0.202384013817528	0.935507377393223
PHTF2	0.304934676810565	1.36296997059621	1.88571402566333	0.722787205295753	0.46981062921241	0.935507377393223
AIFM1	0.342869107372656	1.36245905900099	1.89137556906265	0.720353525384813	0.471307356792264	0.935507377393223
CGRRF1	1.16196406487082	1.36221323113993	0.995420309409628	1.36848044817153	0.171161737917112	0.935507377393223
TBL1XR1	0.33867814014339	1.36220729713247	1.77732081559088	0.766438610960393	0.443415366109198	0.935507377393223
FAM57A	0.334786649620074	1.35740762786263	1.80882475906038	0.750436227204097	0.452992019055748	0.935507377393223
BRD8	0.341243994934369	1.35685441066593	1.76697376498125	0.767897315487494	0.442548192429274	0.935507377393223
POLR2F	3.33060256126528	1.35486132553045	0.634687602226666	2.13469007552252	0.032786334199538	0.935507377393223
C1D	1.16763408710296	1.35462461319046	0.985382417959372	1.37471969105736	0.169218364099357	0.935507377393223
NCSTN	0.320820508075634	1.35400314973347	1.80915286433504	0.748418321318101	0.45420787491152	0.935507377393223
PRSS8	1.13817835893003	1.35362167130062	1.17845308585977	1.14864281619921	0.250703294287786	0.935507377393223
VANGL1	0.342776940642766	1.35032631390391	1.85377251872638	0.72842072059178	0.466356083023486	0.935507377393223
LARP4B	0.779475372232308	1.34965199709688	1.19612095924076	1.1283574513681	0.259168989412868	0.935507377393223
NBAS	0.334384428345874	1.34931050104071	1.85221360046233	0.728485365134941	0.466316524134375	0.935507377393223
FBXO9	1.12310467609496	1.34918901629612	1.00099672232511	1.34784558850726	0.17770805164492	0.935507377393223
TUBB4A	0.293684729810424	1.3487506913157	2.31996286380515	0.581367362537654	0.560992889183239	0.935507377393223
RBM7	0.322472260397237	1.34745465152235	1.73014453938057	0.778810452452005	0.436091379589631	0.935507377393223
DNAJC9	0.337385758875949	1.34507381376103	1.83625753361833	0.732508261578411	0.463858402027541	0.935507377393223
GTF3C5	2.3819337147674	1.34394075765362	0.898111999102496	1.49640663858924	0.134547720644794	0.935507377393223
PIGF	0.33148114546975	1.34210571388447	1.82359628762204	0.735966465272072	0.46175110635146	0.935507377393223
AP4S1	0.33971372611135	1.34121612575575	1.71253563415139	0.783175601727178	0.433524000239805	0.935507377393223
IKZF5	0.336098631126016	1.33780371563236	1.68878106993201	0.792171193443223	0.428260862775998	0.935507377393223
MT-TV	0.375544026776514	1.33507084897622	2.35499493906056	0.566910283683581	0.570775137002453	0.935507377393223
THEM4	0.324969709188825	1.33384980194	1.7592532262482	0.758190908528035	0.448336703062961	0.935507377393223
SEL1L	0.340634855250419	1.33242327500107	1.74747397898057	0.762485330842165	0.445770394936389	0.935507377393223
AP5B1	0.343879060676999	1.33202044989983	1.69788973713759	0.784515284334915	0.432737817086913	0.935507377393223
GRHPR	1.97092924216784	1.33196319305609	0.851693461988443	1.5638997509108	0.117841113031739	0.935507377393223
EIF2B3	0.340751511195116	1.3311506372006	1.77795480874984	0.748697678169104	0.454039443416927	0.935507377393223
MT-ND6	1.62739088088991	1.33040158533555	1.36933832808318	0.971565286716152	0.331266858997312	0.935507377393223
ZNF512B	0.354414672954291	1.32983435368815	1.82166314468734	0.73001112064349	0.465383387082451	0.935507377393223
PRDX4	1.15698576304953	1.32971043529517	1.1785475879304	1.12826198018039	0.2592092950663	0.935507377393223
RP11-417L19.6	0.313539170018058	1.32904761930277	1.7577577112858	0.756103990197019	0.449586849801142	0.935507377393223
FAM122A	0.344429228234296	1.32683382098964	1.88799502381621	0.702774003242712	0.482196600705502	0.935507377393223
TXLNA	0.345511266081104	1.32661797091283	1.83231529027392	0.72401184335176	0.469058464150934	0.935507377393223
ACYP2	0.336327595789061	1.32592552896734	1.80382116311837	0.73506484793378	0.462300001361334	0.935507377393223
RAPGEF1	0.33877267155264	1.32231160620539	1.81944742148363	0.726765495167286	0.467369623816782	0.935507377393223
PANK2	0.348231215543838	1.32127705955933	1.77561271355157	0.744124577096836	0.456801111906017	0.935507377393223
UACA	0.35745180041867	1.32104129742178	1.9037383819164	0.693919558469981	0.48773265722528	0.935507377393223
DCTN5	1.19086620339769	1.3204770711161	0.958080764159931	1.3782523567039	0.168125387332939	0.935507377393223
RP3-417G15.1	0.300637901470983	1.31888727149733	1.79181087805279	0.73606388243976	0.461691821611665	0.935507377393223
VPS72	1.20752669535358	1.31878861197504	1.06041331506483	1.24365527407057	0.213626463610918	0.935507377393223
LAMP1	0.812106112806114	1.31870409232989	1.22747520309244	1.07432238875996	0.282678213893008	0.935507377393223
GLE1	0.345290352645224	1.3185985947023	1.73609830791195	0.7595183917253	0.447542516402935	0.935507377393223
BBS7	0.323319962330898	1.31788546012691	1.7644101466594	0.746926933412902	0.455107667134225	0.935507377393223
DYRK2	0.337628725581958	1.31663625525935	1.83065361624689	0.719216482885846	0.472007545069611	0.935507377393223
RP11-43F13.1	0.348881967380181	1.31620877047154	1.81163588844747	0.726530523525616	0.467513602436539	0.935507377393223
PPIL3	0.328796886675589	1.31536688024471	1.82553778956791	0.720536648302442	0.471194643687596	0.935507377393223
SIRT6	0.798561244812718	1.3145969094248	1.20571644622273	1.09030353989379	0.27557945639454	0.935507377393223
CNOT8	0.338167234661771	1.31408890466466	1.67337834334919	0.785290971337999	0.432282988202518	0.935507377393223
PPP1R13L	0.362573886388554	1.3140440862088	1.69357258983083	0.775900657638811	0.437807644294418	0.935507377393223
SLC12A2	0.386976047158699	1.31237505210035	2.0000167915025	0.656182016909184	0.511707018099774	0.935507377393223
NCS1	0.336248793077174	1.31041934820455	1.84384354021994	0.710699861251918	0.47727024566652	0.935507377393223
DAGLB	0.33728549542955	1.30989054147691	1.82752603267248	0.716756159999203	0.473524566674828	0.935507377393223
BEX5	0.336496229593974	1.30969487807391	1.94087659022103	0.674795545823322	0.499805670671782	0.935507377393223
APH1B	0.32981671917746	1.3094113444632	1.88345133451493	0.695219101480222	0.48691800338682	0.935507377393223
VPS13A	0.381496354115099	1.30851904037997	1.81584343166598	0.720612260705457	0.471148108199528	0.935507377393223
C1GALT1	0.346784540756827	1.30560541958468	1.72977745056994	0.754782309802049	0.450379609915675	0.935507377393223
SIAH2	1.19841685921585	1.30462518220746	0.99160358696116	1.31567210865541	0.188284119510226	0.935507377393223
DNAL4	0.343559184310344	1.30328935207857	1.85126547987913	0.703999165027193	0.481433293593952	0.935507377393223
BAMBI	1.97769304730376	1.30219978882445	1.40808536052592	0.924801738112012	0.355069046350407	0.935507377393223
SLC35C2	1.5921790504467	1.30189521883977	0.874663575982925	1.48845253716749	0.136631590230647	0.935507377393223
CDC73	0.836033009882185	1.30153223087734	1.21224509787173	1.07365435683127	0.282977625460734	0.935507377393223
MTG2	0.351577226032981	1.301093614374	1.77995001259801	0.730971996497207	0.464796257888812	0.935507377393223
HDHD2	0.348637288367405	1.30086701377896	1.78992166619491	0.726773153455591	0.467364931622571	0.935507377393223
MAPK14	0.344398689138585	1.30057031869319	1.68327171221781	0.772644314790751	0.439732910542489	0.935507377393223
STYX	0.745426653276023	1.29967586830055	1.22805398994089	1.05832144103299	0.28990892111836	0.935507377393223
ANKRD16	0.356520993613593	1.29751709863264	1.74598236511275	0.743144446678789	0.457394232729787	0.935507377393223
NDRG1	0.345678154124201	1.29727776192511	1.84246350317695	0.704099570867061	0.481370767356839	0.935507377393223
SNAPC2	0.340028794881839	1.295639655861	1.67885329230822	0.771740843465632	0.440267934922498	0.935507377393223
CTSD	4.70988457254528	1.29543173026023	0.730740131335848	1.77276664399433	0.0762673827539685	0.935507377393223
SKIL	0.399083424261697	1.29482786110752	1.75451370886843	0.737998144193819	0.460515576859884	0.935507377393223
EIF4H	2.8707126481847	1.29398780435758	0.841889379893578	1.5370045462756	0.124292196071715	0.935507377393223
UCP2	0.786109881472844	1.29209453014618	1.62100814965787	0.797093173417349	0.425396920754023	0.935507377393223
AURKAIP1	15.2937434347275	1.29139405004669	0.483486348725553	2.67100416268368	0.00756247089681791	0.935507377393223
CSNK1D	1.24719845628789	1.2893628707253	1.05573725288646	1.22129144083918	0.221975692949822	0.935507377393223
SLBP	1.2649844216442	1.28907582260619	1.23902839679487	1.04039247683168	0.298157595490605	0.935507377393223
PHF10	0.340813162403778	1.28896897239626	1.88965923666141	0.682117149689682	0.495164877260677	0.935507377393223
EEF1B2P6	1.16665174518863	1.28683437128069	0.916222009512333	1.4045006100275	0.160169830150404	0.935507377393223
ALYREF	1.96585503289382	1.28635650006984	0.797338639487915	1.61331263325705	0.106676603255087	0.935507377393223
FBXO42	0.365108190787853	1.28533281185307	1.77460934650473	0.724290568166261	0.46888736621308	0.935507377393223
MAPK8	0.350041283303258	1.28349327175948	1.69363683397416	0.757832639213291	0.448551180104421	0.935507377393223
ABHD17C	0.767624550504908	1.28333313973378	1.2384173799879	1.03626867683843	0.300076814958133	0.935507377393223
TPM3P9	0.344775197241268	1.28211936490873	1.79143014214227	0.715695987662414	0.474179088863112	0.935507377393223
DTD1	1.22764019166011	1.28138961044413	1.00178719585003	1.27910360179525	0.200860575439739	0.935507377393223
RP6-65G23.3	0.326808584377212	1.28096355467361	1.81370496002511	0.706268981398094	0.480020879387831	0.935507377393223
P2RX4	0.357269680361252	1.27995787800932	1.77533673184709	0.720966256738026	0.470930275840268	0.935507377393223
RP11-641D5.1	0.724396940813592	1.27790670225584	1.12690532807713	1.13399650389121	0.256796014514362	0.935507377393223
SBDSP1	0.358492998204924	1.27752302820523	1.63104646151694	0.783253609475404	0.433478199316701	0.935507377393223
RND3	0.842934448816921	1.27681539955185	1.4131499328652	0.903524367696128	0.366247661486739	0.935507377393223
NCKAP1	1.26485347942826	1.27471448530476	1.03045560967882	1.23703968742727	0.216072348976788	0.935507377393223
CDK10	0.791593013983724	1.27428783778424	1.14212328973748	1.11571828473714	0.264542741288365	0.935507377393223
BRE	0.362410787868047	1.27420737972656	1.83806509020354	0.693233001659074	0.488163340769912	0.935507377393223
CLUAP1	0.373825917743749	1.27412336862981	1.76082303041569	0.723595356615154	0.46931419293214	0.935507377393223
ADAM15	1.22046025636579	1.27375510125567	1.14902294427754	1.10855497498926	0.267622210787026	0.935507377393223
NUP210L	0.369294674181013	1.27267157650397	1.75649632930339	0.724551230351107	0.468727387448601	0.935507377393223
COPS8	1.21968675861198	1.27193556299267	1.0046638701288	1.26603095902075	0.205501998555282	0.935507377393223
C1orf174	0.379665013898416	1.27171619637853	1.70997539839053	0.743704381697832	0.457055338025849	0.935507377393223
CRABP2	0.36658175066607	1.27161507771848	2.68594316447491	0.473433352774266	0.635904039333556	0.935507377393223
TACC2	0.36579820947705	1.27077263628689	1.71402633921985	0.741396212654055	0.458453240197988	0.935507377393223
MYCBP	0.361979423925555	1.27025546256165	1.75438838168995	0.724044616242869	0.469038344401499	0.935507377393223
AK2	2.37813243932276	1.26901885903554	0.785031763595579	1.61651912430042	0.105982121998312	0.935507377393223
HEBP1	0.349561898411179	1.26816030889647	1.72616772441397	0.734668069018037	0.462541671450152	0.935507377393223
C18orf8	0.376275071791651	1.26739841505291	1.71101452623866	0.740729196401997	0.458857652976159	0.935507377393223
PPP1CA	5.51949296279601	1.26549261480456	0.562352243671241	2.25035576730869	0.024426370486054	0.935507377393223
TAOK3	0.829809786096894	1.26534844678175	1.20172311137178	1.05294508760619	0.292366160048244	0.935507377393223
WBP2	1.97502503136121	1.26398380988137	0.851761969010533	1.48396366105627	0.137818561328511	0.935507377393223
TRIM25	0.380545477815586	1.26352646269617	1.71024721886061	0.7387975543898	0.460029937085518	0.935507377393223
RING1	0.828912991485177	1.26271366273866	1.15964171245435	1.08888258259197	0.276205667925698	0.935507377393223
MESDC2	2.84873554915258	1.26196174774968	0.786292700504555	1.60495162544418	0.108504450934806	0.935507377393223
FBXO34	0.384486768914734	1.25979218118424	1.78021417752583	0.707663267200311	0.479154393649743	0.935507377393223
EIF4ENIF1	0.364916645670318	1.2585947532355	1.77416478645429	0.709401270301863	0.478075499686639	0.935507377393223
HECTD1	1.31049705839265	1.25770386580687	1.12228314964604	1.12066537415584	0.262430326323019	0.935507377393223
RHOG	0.808433748023588	1.25667282264745	1.11138997182336	1.13072175789541	0.258172220573186	0.935507377393223
WDR18	0.819418620258679	1.25605002578166	1.24795061597834	1.00649016852079	0.314179838593404	0.935507377393223
NFAT5	0.388196016155467	1.25450811863774	1.81863235477169	0.689808534059229	0.490314601207777	0.935507377393223
PRPSAP1	0.841330267919415	1.25402613647072	1.22713582438483	1.02191306907642	0.306822046334386	0.935507377393223
SGTB	0.344530404505445	1.25281929918472	1.79850454778892	0.696589453012468	0.486059758217115	0.935507377393223
RABGGTB	0.379342463458684	1.25175450800685	1.76617443069538	0.708737758995869	0.47848722843036	0.935507377393223
M6PR	1.26625652202443	1.25172661912523	0.994982972357033	1.25803823170963	0.208377930013492	0.935507377393223
NFX1	0.373659822437425	1.24925403036913	1.81684253019741	0.687596205838154	0.491707098178868	0.935507377393223
FAM84B	0.338469651852027	1.24883156055782	1.76618303460896	0.707079354793101	0.479517164924424	0.935507377393223
CPSF2	0.374157769332778	1.2487289548389	1.72777388103412	0.722738645691009	0.469840467951873	0.935507377393223
ING2	0.796847078559468	1.2480154409627	1.22082927084835	1.02226860934901	0.3066537860095	0.935507377393223
EIF2AK1	1.69633597237853	1.24791292818335	0.898510768958757	1.38886808182556	0.164872867907413	0.935507377393223
IRF3	1.21097298923741	1.24781404090597	1.02443964421842	1.21804544362197	0.223206704116917	0.935507377393223
AP3B1	0.387031773448635	1.24667362620946	1.65905073019829	0.751437917790774	0.452389150117304	0.935507377393223
GPS1	2.01047718571779	1.24596707171911	0.768424570728322	1.62145657385495	0.10491975612212	0.935507377393223
BAG5	0.852720182826989	1.24507262570777	1.20146983099691	1.03629121063713	0.300066305381173	0.935507377393223
DHRS7B	0.363195302458085	1.24311089476852	1.6876036711479	0.736613054368955	0.461357693986257	0.935507377393223
GOLGA2	1.68581268051139	1.24275735868557	0.89856840946012	1.38304145305113	0.166652155792298	0.935507377393223
P4HB	4.88002132700018	1.24267901060294	0.744462684474533	1.66922941407072	0.0950719228839688	0.935507377393223
RTCA	1.66104698436198	1.24072875927953	0.871059205511713	1.42439084671708	0.154333362407339	0.935507377393223
SAR1A	2.11425476128868	1.24039116490916	0.933382504105022	1.32892052235167	0.183874192350264	0.935507377393223
PTPLAD1	1.25384454903298	1.23898527391537	1.1983078137948	1.03394575221183	0.301161524445243	0.935507377393223
YPEL2	0.371924128580194	1.23867312026703	1.81976084979073	0.680679068576225	0.496074583609153	0.935507377393223
PTCD3	0.372630284251858	1.23668489068649	1.70756983730645	0.724236785909298	0.468920378285547	0.935507377393223
NRP1	0.821749451054485	1.23637474623556	1.54311338069705	0.801220935351532	0.423003753384998	0.935507377393223
C19orf43	7.64823958485128	1.2353319395558	0.446618904410504	2.76596428712825	0.00567547498707362	0.935507377393223
BOD1L1	0.38676235750138	1.23509330286459	1.81565205750991	0.680247791836542	0.496347575850486	0.935507377393223
OAZ3	0.790190741767432	1.23494278230851	1.24844126257115	0.989187733001683	0.322571299085138	0.935507377393223
TFE3	0.399784435343564	1.23486231741178	1.70973788744325	0.722252414525595	0.470139303347932	0.935507377393223
ABCF1	2.13513220700881	1.23479316154364	0.87939645469512	1.40413707031799	0.160278036655256	0.935507377393223
TXNDC11	0.372635929350366	1.23400373128033	1.69307887384095	0.72885188655201	0.466092268501813	0.935507377393223
ATG14	0.392398426408502	1.23370886120378	1.73700623927748	0.710250103486647	0.477549055634478	0.935507377393223
DHPS	0.826962021839407	1.23269818871585	1.21813495467513	1.01195535353848	0.311559400917218	0.935507377393223
POLR2G	2.49081466820304	1.23206870094179	0.879787091158779	1.4004168887259	0.161388515510201	0.935507377393223
GOT1	0.854894174616484	1.23092778767284	1.3178917469147	0.934012820517732	0.35029727976895	0.935507377393223
ECI1	0.798375903058735	1.23022406513428	1.24909136392431	0.984895181141308	0.324675560647664	0.935507377393223
PAFAH1B1	2.1628181785647	1.22891772924312	0.839887053254877	1.46319403838958	0.143414291622146	0.935507377393223
RWDD4	0.846526430947632	1.2287193003006	1.15029530322015	1.068177273141	0.285440554419936	0.935507377393223
UQCRC1	2.44595903067669	1.2287134167106	0.869465497320289	1.41318249027422	0.157602073530597	0.935507377393223
PIGA	0.375009664419908	1.22776499323917	1.7673552184153	0.694690563869805	0.48724924282725	0.935507377393223
PRDM2	0.406563245945974	1.22702777219191	1.65496212348953	0.74142347717583	0.458436713937563	0.935507377393223
TBC1D23	0.391287845529054	1.22496899501388	1.687326778385	0.725982074548915	0.467849759596149	0.935507377393223
UBALD1	1.21922069008965	1.22453036773083	0.983487946961103	1.24508934910136	0.213098908776239	0.935507377393223
THAP11	0.822503796485527	1.22436990403478	1.18826325286757	1.03038607066243	0.302828809413538	0.935507377393223
PDCD11	0.380858517344393	1.22348339680932	1.79258885230608	0.682523153725612	0.494908207225736	0.935507377393223
TM9SF2	0.384473630053848	1.22342915652373	1.81069663865426	0.675667657633144	0.499251674703036	0.935507377393223
ERI3	1.65114947703996	1.22315616353452	0.823616033663782	1.48510484684643	0.137516052366141	0.935507377393223
NADK2	0.380843399423917	1.22304015596412	1.67683617563436	0.729373670329741	0.465773119142774	0.935507377393223
COTL1	1.25616234648792	1.22297422572069	1.29181224892245	0.946712052576391	0.34378552716274	0.935507377393223
RP11-33B1.1	0.369959551709287	1.22249288623584	1.68673028996775	0.724770814579499	0.468592643306701	0.935507377393223
PDE6D	0.367516526869227	1.22107324805361	1.61210450501987	0.757440503547603	0.448785997911244	0.935507377393223
GLTP	1.2918691823228	1.22075904387852	1.05708522202269	1.15483502980266	0.248157989180035	0.935507377393223
SNX11	0.403402626788841	1.21960348160807	1.6659394772471	0.732081506120153	0.464118821034032	0.935507377393223
FXR2	0.858385117763865	1.21929334947951	1.21149031561977	1.00644085533259	0.314203548993833	0.935507377393223
ISY1	0.863620538487332	1.21905597422854	1.20420941563384	1.01232888433021	0.311380828671855	0.935507377393223
ARL2	1.26804866405488	1.21642128927376	1.02973354445164	1.18129713830147	0.237484703744526	0.935507377393223
ODF2L	0.398389413867408	1.21589352593263	1.69131069595638	0.718906070209106	0.472198796071856	0.935507377393223
DDX49	2.08762081065034	1.21550770893793	0.778511212215921	1.5613233179753	0.118447484498946	0.935507377393223
PARVA	0.382491937710758	1.21290910818783	1.79716778478368	0.674900317297769	0.49973909892093	0.935507377393223
FAM134A	1.6650780070245	1.21130464855119	0.889416243707244	1.36190974374636	0.173226370782315	0.935507377393223
PLEK2	0.375417703902823	1.21068037481018	1.96115704256092	0.617329641908354	0.537017319112436	0.935507377393223
PHKG2	1.25834742735121	1.21050525348325	0.986599796334628	1.22694658764422	0.219842666796904	0.935507377393223
MRPL36	5.28727857551807	1.20987117920874	0.592883847165998	2.04065464929085	0.0412851660721	0.935507377393223
UBR2	0.386777085880657	1.20893112252819	1.79671301524018	0.672857107547912	0.501038202238827	0.935507377393223
AGPAT2	3.76121476572799	1.20825046102074	0.786741558987888	1.53576539489678	0.124595929792127	0.935507377393223
MRPS9	1.28637320697511	1.20824346116825	1.05271788687998	1.14773718222763	0.251077076661885	0.935507377393223
TNRC6B	0.399755217123746	1.20731201039601	1.76385476432189	0.684473594321217	0.493676157972278	0.935507377393223
NFYC	0.365246909899382	1.20724333587484	1.78224611305593	0.677371843894692	0.498170058046604	0.935507377393223
TCTN1	0.406089139649539	1.20519172881586	1.68995068643643	0.713152009989843	0.47575169870548	0.935507377393223
ZNF195	0.3708247455607	1.2032321529324	1.68105444378122	0.715760371345233	0.474139325917556	0.935507377393223
SYNJ2BP	0.888370743470092	1.20321940740373	1.1938705826769	1.0078306852204	0.313535752114537	0.935507377393223
TSPAN5	0.380920107383481	1.20036898394477	1.87514073132828	0.64014874397959	0.522075901879219	0.935507377393223
UCHL3	2.47657934010472	1.20009834248247	0.786594126744759	1.52568942695892	0.127087228894271	0.935507377393223
GNB5	0.887635870850345	1.19976048622427	1.23710012464867	0.96981680166348	0.33213781642328	0.935507377393223
ZCCHC6	0.40471135742182	1.19967458830336	1.845415137299	0.650083855960581	0.515638056773049	0.935507377393223
RPN1	1.3077247443129	1.19943747133655	1.05065318416376	1.1416112275824	0.253615655011756	0.935507377393223
LZIC	0.845296869539096	1.19920823053871	1.15695860399372	1.03651783771618	0.299960622035138	0.935507377393223
TRIB3	2.53823135758351	1.19912712530048	0.895356314666908	1.33927365637286	0.180481601520655	0.935507377393223
RYK	0.401543793732012	1.19853563426789	1.67776840564274	0.714362977772689	0.47500275870302	0.935507377393223
DDX55	0.402627682986822	1.19835134387535	1.80652178583582	0.663347297149205	0.507108151366305	0.935507377393223
MFSD12	0.825695076646315	1.19602065454256	1.20216766755063	0.994886725725547	0.319791359660463	0.935507377393223
CDK12	0.899288090521251	1.1956783249483	1.19058153822082	1.00428092202328	0.3152432266687	0.935507377393223
ARL4A	0.411661327231926	1.19559634966169	1.79580561993684	0.665771582619134	0.505557111301512	0.935507377393223
NAA60	0.859177295172183	1.19535405227182	1.1360232586422	1.05222674199517	0.292695533066069	0.935507377393223
LAMC1	0.384194413019804	1.19439573134058	1.65998550461462	0.719521783786823	0.471819485171071	0.935507377393223
LHFPL2	0.389458291040902	1.19428873236341	1.66876808718196	0.715670884131182	0.474194593137919	0.935507377393223
CNOT6	0.376811839749891	1.19400550624963	1.60256851848585	0.74505738286795	0.456237030955821	0.935507377393223
QTRT1	0.385890808398366	1.19327351039036	1.64745917288734	0.724311430612893	0.468874560986561	0.935507377393223
YIPF4	1.33945569382763	1.19267876225128	0.995801910496383	1.19770684277634	0.231031164464622	0.935507377393223
NOSIP	2.56361896025392	1.19033085851473	0.848425409911001	1.40298822337204	0.160620350746677	0.935507377393223
RRBP1	2.18721628376905	1.18994394998047	0.912964170577844	1.30338515828865	0.192443300912092	0.935507377393223
SMNDC1	0.388602896386026	1.18949455558204	1.76396162937226	0.674331309579188	0.500100702812786	0.935507377393223
UBE2V1	0.380200766110443	1.18902804469427	1.71874690995102	0.691799378844063	0.489063326783271	0.935507377393223
EIF3I	7.54578347095097	1.18869426966095	0.704891424710479	1.68635087332661	0.0917282377359722	0.935507377393223
SURF4	4.27592976529639	1.18775821698585	0.676746027733458	1.75510186733398	0.0792418849862748	0.935507377393223
MAP3K3	0.386937492589632	1.18673792626549	1.69179442831954	0.701466978729961	0.483011635241463	0.935507377393223
ZCRB1	1.29872753808313	1.18610210386686	1.0647208488147	1.11400289116842	0.265277946332017	0.935507377393223
PPIL4	0.426687412026329	1.1857486059389	1.8205610763297	0.651309434962439	0.514846759105531	0.935507377393223
WDR59	0.86561942024572	1.18559422463296	1.1503279109862	1.03065761798001	0.302701406142519	0.935507377393223
ENO1	10.0673590263009	1.18241817860994	0.84713007160908	1.39579294637009	0.16277685508503	0.935507377393223
SMARCB1	1.72711185431351	1.18234772242868	0.976853958787305	1.21036283038304	0.226139698061381	0.935507377393223
PHF5A	2.18314800254124	1.18207663042263	0.819924903005422	1.44168889869029	0.14939015676092	0.935507377393223
SCPEP1	1.76705927225096	1.18184165517858	1.00849519908994	1.17188624818945	0.241242728922083	0.935507377393223
LTA4H	0.374799297318246	1.18113181137623	1.77423661097098	0.665712681201992	0.505594766367677	0.935507377393223
PPT1	0.410499163329301	1.17892125874636	1.74317415696315	0.67630721465043	0.498845613088755	0.935507377393223
UGCG	0.399823783942659	1.17840982317657	1.76579596393725	0.667353333705121	0.504546466696836	0.935507377393223
TULP3	0.404222218741621	1.17592670291361	1.64175827470533	0.716260561028494	0.473830474429114	0.935507377393223
MAP3K8	0.375269085223031	1.17582968642457	1.64949596661407	0.712841807572409	0.475943651867274	0.935507377393223
FADS1	1.69023546846574	1.17439513536589	1.32883297346664	0.883779345347026	0.376815338268639	0.935507377393223
MYCBP2	0.41588485493031	1.17399195798261	1.76381046500585	0.665599836986293	0.50566691063051	0.935507377393223
EXD3	0.386776827005208	1.17046765769864	1.65136255155065	0.708789027945167	0.478455407598495	0.935507377393223
PTPRF	0.405425400257247	1.17044010494763	1.65237919308564	0.708336264366755	0.478736461991109	0.935507377393223
LRRC42	0.403194161554608	1.17023150030888	1.70019262826785	0.688293479722414	0.491267986899724	0.935507377393223
RRP12	0.382971657879502	1.1700240538763	1.79840257886228	0.650590734037139	0.515310713352009	0.935507377393223
GCH1	0.397028923585066	1.169676523864	1.62504354931706	0.719781647916799	0.471659446053953	0.935507377393223
TIMM8B	3.82248307375651	1.16924604216575	0.680285466039897	1.71875793403644	0.0856584581105432	0.935507377393223
BRI3BP	0.405954237654963	1.16881924854428	1.6773996290674	0.696804284614108	0.485925284353728	0.935507377393223
HYAL2	0.392947069452466	1.16824732148495	1.71392837770613	0.68161968532693	0.495479464143134	0.935507377393223
LUC7L	0.923360834636252	1.16781721049272	1.26668803349296	0.921945403772706	0.356557054368211	0.935507377393223
MDH2	3.42217282213465	1.1677705718771	0.77692844553697	1.50306064681414	0.132823405651878	0.935507377393223
UPF1	0.381606481306841	1.1666392818368	1.65761302333755	0.703806778428784	0.481553111822317	0.935507377393223
MMP24-AS1	0.366606533600014	1.16569078536947	1.76792871470431	0.659353952268622	0.509668504379518	0.935507377393223
UBE4A	0.870679743882162	1.1648930464546	1.14306042335159	1.01910014786357	0.308155423989098	0.935507377393223
TSEN15	0.87119340018644	1.16407910860509	1.27920656963378	0.910000883546388	0.362822043822547	0.935507377393223
HARS2	0.405836193845312	1.16308009291782	1.68048231222537	0.692110880582617	0.488867699229833	0.935507377393223
GK	0.405721519752667	1.16268420326321	1.8205355763376	0.638649537188502	0.523050947638784	0.935507377393223
SCAMP4	0.412886540594645	1.16256951517971	1.62403189595825	0.71585386843264	0.474081585984443	0.935507377393223
VTA1	0.884678410993402	1.16210695025479	1.14335014620433	1.01640512673456	0.30943650528948	0.935507377393223
CLPP	2.52338991530369	1.16156483530311	0.696635553859477	1.66739241037562	0.0954364020327682	0.935507377393223
RBFA	0.399548002762361	1.16152067793839	1.68942333528095	0.687524940423077	0.491751989748757	0.935507377393223
ATXN2L	0.413295390363154	1.15919058645027	1.60056787987734	0.724237066746029	0.46892020590189	0.935507377393223
PAIP2	4.30800278496022	1.15797522822921	0.628567671612936	1.84224432869382	0.0654394189686862	0.935507377393223
CHD7	0.429077636941451	1.1569016342756	1.72965718161059	0.6688618106383	0.503583633198313	0.935507377393223
CSRNP2	0.403367039046804	1.15618157155734	1.65162665379235	0.700025982810697	0.48391107812403	0.935507377393223
KIF3A	0.409973862723744	1.15432260146003	1.73039714834849	0.667085358157072	0.504717612108478	0.935507377393223
FAM219A	0.871957278580886	1.15412871458832	1.18827147963485	0.971266864827036	0.331415404640359	0.935507377393223
CBR3	3.81362732658951	1.15355280702144	1.07986809809887	1.06823491596084	0.285414558432191	0.935507377393223
EBPL	0.866726387160907	1.15297043224911	1.15289709854774	1.00006360819318	0.317279726200748	0.935507377393223
POMT2	0.378338094248849	1.15283123476786	1.70714698859435	0.675296996960462	0.499487091482325	0.935507377393223
ROMO1	3.88905101669821	1.15192570631954	0.655288073386544	1.7578920677838	0.0787658757569818	0.935507377393223
CCDC71L	0.392141002317324	1.15122365461239	1.63160567545186	0.705577132963556	0.480451148933381	0.935507377393223
PQLC3	0.418297562176066	1.14897396369772	1.70630367533356	0.673370151109303	0.500711833311989	0.935507377393223
ICAM3	0.37989586046363	1.14855072932869	1.7657593922543	0.650457097590384	0.515397005705758	0.935507377393223
RLIM	0.411553336426319	1.14798839590417	1.66408357323519	0.689862224691235	0.490280833304042	0.935507377393223
TMEM8A	0.408886608737438	1.1474923385686	1.75592119254377	0.653498769444347	0.513434782480443	0.935507377393223
PPIL1	0.413926814733162	1.14643449712783	1.71571996064171	0.668194416004256	0.504009499411816	0.935507377393223
KRT18	83.9355255272812	1.14598282017807	0.818834991184776	1.39952839401739	0.161654589831379	0.935507377393223
ZNF414	0.39410624025048	1.1459396954308	1.69003354370393	0.678057367381788	0.49773532034928	0.935507377393223
EIF2B2	1.81271262031812	1.14574329441333	1.05618947058837	1.08478954422361	0.27801487746468	0.935507377393223
MED21	0.890347199855671	1.14529617296189	1.14300279550147	1.00200644956377	0.316340477888336	0.935507377393223
CHST12	0.404620707474464	1.14439641587868	1.76118679576807	0.649787074618394	0.515829769154724	0.935507377393223
UROD	0.87651193116196	1.14339541603286	1.19257398064433	0.958762671826115	0.337678318039398	0.935507377393223
C12orf49	2.61710684171318	1.14203561406762	0.78735554895388	1.45047001394095	0.146927495256885	0.935507377393223
FUBP3	0.924971448552507	1.14170257511306	1.18900789334357	0.960214462414134	0.336947289539145	0.935507377393223
MRPL20	5.17943730833499	1.14169303481326	0.611678502710542	1.86649200479346	0.0619725616212021	0.935507377393223
CERS5	0.418415933177076	1.14155412056045	1.60927914463495	0.709357431472462	0.478102697023425	0.935507377393223
U2SURP	1.80330397196039	1.14147912873501	0.861644378841077	1.32476826491959	0.185248023528085	0.935507377393223
ALKBH7	2.09788522871875	1.14141905430815	0.778051850114537	1.46702183683532	0.142370115126327	0.935507377393223
ZFHX3	0.929134524195877	1.139826053439	1.25483880890759	0.90834459800561	0.363696186701482	0.935507377393223
DVL3	2.23220017519793	1.13911477191902	0.782537773568028	1.45566745835815	0.145484569873811	0.935507377393223
SLMO2	9.87501813131529	1.13782976771483	0.438663053389442	2.59385822198405	0.00949056142854086	0.935507377393223
MRPL48	0.860654390542254	1.13758095850516	1.14733592784786	0.991497721716954	0.321442604282064	0.935507377393223
THRAP3	1.8552688544348	1.13697533288511	1.17214883918331	0.969992286711041	0.332050336871242	0.935507377393223
REPIN1	0.91076420314524	1.13422833977259	1.19574039226347	0.948557351671929	0.342845790656659	0.935507377393223
CHCHD6	0.402609822286123	1.1333089498837	1.62787394878944	0.696189622499015	0.486310085749699	0.935507377393223
C19orf60	2.16538739560653	1.13330256869382	0.873242321051554	1.29780994504378	0.194352651378194	0.935507377393223
ITGB5	0.403657345939696	1.13210977476916	1.78249479476605	0.635126553016241	0.525345880424109	0.935507377393223
NAAA	0.398424961882557	1.13178690204513	1.72415259103651	0.656430821685416	0.511546964597967	0.935507377393223
AXIN1	0.404002582647936	1.13024814073655	1.62015786218078	0.697616057743408	0.485417336635425	0.935507377393223
PITHD1	4.03254163132452	1.12870812647989	0.830136203929855	1.35966618626751	0.17393558309002	0.935507377393223
SMG5	0.421703167907837	1.12741564085748	1.65175020185219	0.682558197718549	0.494886056240547	0.935507377393223
CYP20A1	0.430003408726918	1.12662333777937	1.63307166139783	0.689879914280694	0.490269707980595	0.935507377393223
NAA38	4.25438893928671	1.12647147830069	0.762517918926215	1.47730492666585	0.139593917972553	0.935507377393223
RPL26P19	0.396066625374574	1.12646725522246	1.57369426014541	0.715810741483147	0.474108218924106	0.935507377393223
ARAF	0.417249024393355	1.12632874333076	1.63065558979648	0.690721419273663	0.489740626168755	0.935507377393223
EXOSC5	0.39483462642405	1.12609353918448	1.78915015393002	0.629401359472775	0.529086328190834	0.935507377393223
MRPL30	0.416367221359249	1.12602101526604	1.66349187186447	0.676902024176393	0.498468119734573	0.935507377393223
NAA25	0.954808244801928	1.12591566429173	1.24459414491135	0.904644834539156	0.365653575031456	0.935507377393223
FAM127A	0.874172643683267	1.12453070837309	1.2495996879583	0.899912763431021	0.368166677244492	0.935507377393223
IDI1	2.68694694586812	1.12355607085847	0.964119527313177	1.16537010093511	0.243869214521262	0.935507377393223
PET100	0.854734681744637	1.12206161285307	1.15344208103468	0.972794066821749	0.330655662104495	0.935507377393223
SSR2	5.13002616694397	1.12084352287234	0.607024999226243	1.84645364573295	0.0648263640529719	0.935507377393223
IFI27L2	1.30497974937641	1.11994657020773	1.16957394862618	0.957567985780857	0.33828064893215	0.935507377393223
IDH1	0.936012105054448	1.11954978016284	1.33030476505909	0.841573908151126	0.400026499159654	0.935507377393223
MED11	0.407105403790742	1.11851545422409	1.67893666933832	0.666204672666363	0.505280286666924	0.935507377393223
BCLAF1	0.936756870637857	1.11819468804757	1.26283563513864	0.885463362716091	0.375906771243631	0.935507377393223
ANKRD40	0.461375053938078	1.11804826050106	1.76602378052139	0.633087885244088	0.526676253089856	0.935507377393223
XPO6	0.898119016189875	1.11710896081298	1.15335527277212	0.968573159706451	0.332758200400311	0.935507377393223
POLG	0.426700964784321	1.11691386741628	1.71405363099355	0.651621307070106	0.514645498971059	0.935507377393223
GSS	0.409417001190704	1.11687927946739	1.6566040842811	0.674198071865838	0.50018539531378	0.935507377393223
RPP38	1.39595992094841	1.11648821464521	0.984946523717787	1.13355211451572	0.256982469101257	0.935507377393223
ITPKC	0.424441801101037	1.1162172764893	1.61450099007021	0.691369830897877	0.489333158199123	0.935507377393223
DCAF11	0.893528222610421	1.11567984243588	1.15917828088529	0.962474764092209	0.335811173810691	0.935507377393223
POLR2E	3.88031010895639	1.11557584045496	0.700496244560148	1.59255077970539	0.111261002838847	0.935507377393223
DUSP23	1.7439330237368	1.11555837646169	0.995737223067023	1.12033411086672	0.2625714112893	0.935507377393223
CBR1	2.22650626433646	1.11534467575943	0.858736598811672	1.29882047335918	0.194005546824188	0.935507377393223
ATPAF2	1.3208855576343	1.11518517026483	0.983104446016615	1.13435065295797	0.25664748974923	0.935507377393223
HDGFRP2	0.42758851076433	1.11507080139923	1.78654784803153	0.62414829954196	0.532530196529327	0.935507377393223
TMED1	1.34694244576189	1.11434110219459	1.0068701235641	1.10673767759646	0.26840736034075	0.935507377393223
EMC7	2.25687947785949	1.11417673498478	0.899983011655777	1.23799751834752	0.215716981005534	0.935507377393223
PDCD6IP	0.423970778510634	1.11368536379532	1.71052319133528	0.651078786558835	0.514995629523548	0.935507377393223
MTMR14	1.36994064402581	1.11298257149536	1.01225402391429	1.09950915995528	0.271546040773586	0.935507377393223
SMC4	0.425994592794656	1.11243020531775	1.79239970226673	0.620637352210521	0.534838257611963	0.935507377393223
NIT2	3.59438139057707	1.11108126937178	0.810054712956618	1.37161262270353	0.170184062205139	0.935507377393223
PNISR	1.91797085983234	1.11083052984345	1.00119094329321	1.10950916734184	0.26721059190928	0.935507377393223
BBC3	0.931347603238412	1.10796371983264	1.32807526371217	0.834262748585284	0.404132938489431	0.935507377393223
PSMG3-AS1	0.410102750237886	1.1077813842947	1.67962416068685	0.659541229653239	0.509548279505184	0.935507377393223
ISOC2	3.01809566802334	1.10772388728242	0.726990207460573	1.52371225350032	0.127580607131147	0.935507377393223
TFPT	0.894784839909938	1.10567006846091	1.25566589942041	0.88054479218657	0.37856425115078	0.935507377393223
MTPN	4.58156227406384	1.1047741685501	0.701993046788642	1.57376796480254	0.115541102703805	0.935507377393223
PIAS4	0.420286173147145	1.10419617531486	1.61578601826611	0.683380201853563	0.494366627000282	0.935507377393223
RP4-769N13.6	0.414676224298402	1.10298075955498	1.67406939008392	0.658862031698513	0.509984369165545	0.935507377393223
BAP1	0.430383873653634	1.10246325795187	1.60557651764578	0.68664635153508	0.492305611875307	0.935507377393223
MRPL51	6.12731860906517	1.10242827293669	0.625851395534093	1.76148568302847	0.0781562341145925	0.935507377393223
UBE2Q2P2	0.457081861898815	1.10239453065044	1.77840147737725	0.619879450548045	0.535337155795904	0.935507377393223
NDUFB7	8.3257888919703	1.10238276981002	0.522117329579312	2.11136981547471	0.0347405374292006	0.935507377393223
RAB35	0.913492455577607	1.10134599074664	1.14962429928727	0.958005142575222	0.338060165396608	0.935507377393223
B4GALT3	0.913636417566199	1.09867438518171	1.14909938768314	0.956117805786062	0.339012719884278	0.935507377393223
TTF1	1.40789770770314	1.09804686976101	1.02151974105002	1.07491497778822	0.282412795582197	0.935507377393223
ATG3	1.88858111596518	1.09793818533572	0.918423668997549	1.19545937501166	0.231907599508852	0.935507377393223
GNPNAT1	0.925236383541597	1.09595555936311	1.15884091617635	0.945734262627927	0.344284142225898	0.935507377393223
LAMA5	0.414321102527599	1.0959229104577	1.63585996631769	0.669936872973678	0.502898032897083	0.935507377393223
GMPPB	0.395720528234172	1.09473685524411	1.69909161576749	0.644307137463926	0.519376288207731	0.935507377393223
CCDC25	1.36453764051	1.09467524652841	0.98348750526457	1.11305455399144	0.265685000252437	0.935507377393223
NDUFS3	4.48643240728706	1.0944945869577	0.670408152400933	1.63257947123403	0.102557471700394	0.935507377393223
SLC36A4	0.430274686180808	1.09439686150631	1.67192362064321	0.654573479310785	0.512742403817827	0.935507377393223
RALGAPA1	0.446320659767648	1.0940398302196	1.65260053629054	0.662011058446892	0.50796413458089	0.935507377393223
TMEM126B	1.39373681768284	1.09403851377866	0.978440259804945	1.11814543894255	0.263504882453453	0.935507377393223
COA7	0.434134695089695	1.09243607267073	1.76012335959975	0.620658811618266	0.534824135104972	0.935507377393223
TWSG1	0.458567498511634	1.09188373708958	1.76269819581267	0.619438846470357	0.53562729667685	0.935507377393223
AC002467.7	0.406819365697152	1.09069042321494	1.71721866720393	0.635149409941405	0.525330974441323	0.935507377393223
CHAMP1	0.428088707491446	1.0895207845388	1.64042313231653	0.664170580794134	0.50658114034803	0.935507377393223
SS18	0.442441522413207	1.08948239493708	1.67672013008233	0.649769973766336	0.515840816949855	0.935507377393223
C5orf15	0.432094042147156	1.08822868791296	1.64900129906033	0.659931977332629	0.509297482346122	0.935507377393223
POLR1E	0.416211188170186	1.08822333563642	1.6986612750532	0.640635865206466	0.521759291950451	0.935507377393223
EIF2B5	0.444702105176927	1.08811119017781	1.67707852904595	0.648813499983697	0.516458930466413	0.935507377393223
RCOR1	0.431092851442082	1.08746800420166	1.64682945146719	0.660340391187937	0.509035415459379	0.935507377393223
LL22NC03-80A10.6	0.403951478703917	1.08746365513265	1.63362280460639	0.665676098586706	0.505618153998197	0.935507377393223
OSTM1	0.43423578279172	1.08667461679543	1.67842582232456	0.647436784123363	0.517349295592142	0.935507377393223
TIMM50	2.67289845066381	1.08666708114325	0.720039252346697	1.50917755886455	0.131253413452025	0.935507377393223
ABCF2	0.949739346604285	1.08658785497957	1.20545363032722	0.901393324175077	0.367379229624988	0.935507377393223
PVRL2	0.903269968085678	1.08384375571694	1.22489898372138	0.884843379022249	0.376241109617764	0.935507377393223
TOMM5	1.78478015137876	1.08320415564138	0.873417280647346	1.24019089116092	0.214904796720796	0.935507377393223
INIP	0.922981949687284	1.08309255417529	1.152530396909	0.939751833947343	0.347344870462044	0.935507377393223
AKAP8L	1.44960933882999	1.08304530930905	1.11220862012843	0.973778920346781	0.330166321749186	0.935507377393223
SLC50A1	0.891116280303368	1.08289934057135	1.24471407668383	0.869998468609284	0.384301241095919	0.935507377393223
TMCO3	0.421141374296508	1.08208758438006	1.65643665608832	0.653262278640595	0.51358720629794	0.935507377393223
RAB3D	0.442830013742467	1.08206094282353	1.69258171347683	0.639296132179527	0.522630304167245	0.935507377393223
CLDND1	1.40480766643457	1.08178499856308	0.977182349452007	1.10704516835546	0.268274400202367	0.935507377393223
MVB12A	0.906094181733234	1.08101642516253	1.1698268959562	0.924082382529702	0.355443425056952	0.935507377393223
SDCBP2	0.901173614656075	1.07850186055035	1.5487083775126	0.696387955415175	0.486185903949667	0.935507377393223
YIPF2	1.38341478775165	1.07829178874632	0.968858272162254	1.11295100607423	0.265729472063406	0.935507377393223
STX12	0.919950639882422	1.07810294617176	1.21911633537008	0.884331474275983	0.376517302577955	0.935507377393223
LLGL2	4.03575515222648	1.07685886563166	0.779038860564869	1.38229159050018	0.16688218705807	0.935507377393223
NMRK1	0.42802601312545	1.07632817968282	1.69302900239987	0.635741135064504	0.524945160398341	0.935507377393223
RPL10AP6	0.385717387425422	1.07631067005269	1.59248121923971	0.675870243899359	0.499123031512027	0.935507377393223
HSPB11	1.32618552920263	1.07410700940335	1.00729032008678	1.06633309978677	0.286273091915139	0.935507377393223
SLC52A2	3.21788152124044	1.07371248327392	0.806040866881796	1.33208194198344	0.182833263561229	0.935507377393223
GLOD4	0.450175219842782	1.07362210405747	1.68138056857915	0.638536048364548	0.523124795912581	0.935507377393223
RABGAP1	0.451406991420539	1.07252022595441	1.66185936349331	0.645373639620093	0.518685081711483	0.935507377393223
PCYOX1	0.441218237939197	1.06997661195821	1.63835830711244	0.653078516044526	0.51370566181994	0.935507377393223
LARS	0.465613544456487	1.06996085399661	1.7817372222639	0.60051551969998	0.54816272095004	0.935507377393223
ATRX	1.00034618601131	1.06856242628679	1.30222561712975	0.820566276865312	0.411893363136123	0.935507377393223
POLR2M	0.436800057318772	1.0684901302196	1.55482705112655	0.687208348636224	0.491951444100841	0.935507377393223
STARD3	0.442996748188939	1.06617937788063	1.61307719237621	0.660959923628982	0.508638015038461	0.935507377393223
SLC35A2	0.445736593791834	1.06555851006133	1.59507796565667	0.668029107669766	0.504115012437081	0.935507377393223
CDV3	5.2411746238803	1.06537242093144	0.718969148906729	1.48180547461801	0.138392061993081	0.935507377393223
TMEM167B	1.41013160431365	1.06319981293974	1.02331286129584	1.03897825694616	0.298814848579569	0.935507377393223
ACAP2	1.46585788412266	1.06319007562801	0.987603178408032	1.07653569659609	0.281687745158472	0.935507377393223
DRG2	0.439412506287554	1.06207621016463	1.60154313394608	0.663158042798232	0.507229340022933	0.935507377393223
THAP7	1.40695544860744	1.06001816688401	0.968922305729992	1.09401771495536	0.273947208832373	0.935507377393223
IVD	0.45579770439538	1.05970494596971	1.64256617712498	0.645152055806079	0.518828652395517	0.935507377393223
INO80B	0.413278764777687	1.05742670043269	1.62062883335587	0.652479259080601	0.514092048641112	0.935507377393223
PRKAA1	0.45791447135793	1.05423386577029	1.64959326090203	0.639087156062829	0.522766234927264	0.935507377393223
CLCN7	0.449451126685633	1.05308962456953	1.64115986196141	0.641674006888607	0.521084869736737	0.935507377393223
SLC39A6	2.28993361839511	1.05294932519264	1.08677135163765	0.968878433909722	0.332605846788533	0.935507377393223
NARS	0.460259991265781	1.05279838199345	1.68149136971149	0.626109893251542	0.531242863555496	0.935507377393223
PTGFRN	0.454917245126322	1.05277253667398	1.65695547885084	0.635365614895168	0.525189988608278	0.935507377393223
OSBPL10	0.435330331841777	1.05246088494351	1.65325444152583	0.636599460136438	0.524385776942916	0.935507377393223
FAM188A	0.45540279610893	1.05097610610953	1.63651482144826	0.642203842174468	0.520740838648554	0.935507377393223
TARDBP	0.965725897764704	1.0507348222623	1.15235379259929	0.911816170528863	0.361865496461185	0.935507377393223
STAT3	0.459691717422693	1.04941503435668	1.61233576716694	0.6508663119225	0.515132789593714	0.935507377393223
MTX1	1.40601238642318	1.04934121000338	1.05126541474481	0.998169629938888	0.318197110465635	0.935507377393223
HDDC3	0.943044402229093	1.04908136632439	1.17474511943483	0.893028920885495	0.371841685135323	0.935507377393223
MAD2L2	0.92663390782259	1.04858427299151	1.15683971345662	0.906421400297848	0.364712849950198	0.935507377393223
UTP3	0.46618658896422	1.04828874727528	1.72260319548614	0.608549171406497	0.542823304088066	0.935507377393223
SMIM15	2.40844113960878	1.04723213562141	0.812921293091323	1.28823312234702	0.197664825302856	0.935507377393223
FAM46A	0.473487485861058	1.04604944680205	2.05345702493096	0.509408979151739	0.610465583786698	0.935507377393223
TRIP4	0.455185877648109	1.04561936551593	1.62524215353832	0.643362198820351	0.519989105651422	0.935507377393223
GTF2F2	1.42800365964316	1.04441667862456	1.00259261753226	1.04171590769862	0.297543411511725	0.935507377393223
TMED3	2.80214189923801	1.04370087579307	0.806500372982722	1.29411084080854	0.195627137501103	0.935507377393223
SERINC5	0.485740880282298	1.04369238241762	1.74926564657724	0.596646017978913	0.550743740571832	0.935507377393223
FAM89A	0.938198284114614	1.04307228133468	1.22019774258417	0.854838724029785	0.392640437087279	0.935507377393223
OSTF1	0.958150848571113	1.04268283947178	1.17760195472947	0.885428930619703	0.375925334615261	0.935507377393223
TAF15	0.449606416630599	1.04036128199134	1.66760341584702	0.623866125545753	0.532715508370352	0.935507377393223
AP2S1	8.98615484339111	1.04036084779425	0.521003539270746	1.99684026955066	0.0458425374826822	0.935507377393223
SLC25A5	5.57409427498286	1.03685865893394	0.703322649444231	1.47422901815159	0.140419939323397	0.935507377393223
MPND	0.425440814066566	1.03679414518252	1.64120067804894	0.631729049987392	0.527563942172141	0.935507377393223
RNF24	0.434006953703946	1.03672024323378	1.64936330431292	0.6285578444257	0.529638565963042	0.935507377393223
WIPI2	3.28940036968539	1.0364979883307	0.738206768519177	1.40407543324195	0.160296388223574	0.935507377393223
MANBAL	1.42998480744516	1.03643120371385	0.944087776686313	1.0978123319758	0.272286445413544	0.935507377393223
BSDC1	1.51000841033536	1.03618726652145	1.05488431546392	0.982275735198268	0.325964025257516	0.935507377393223
TMCO1	2.43681051095702	1.03567204354034	0.865625061388321	1.19644415317561	0.231523279810012	0.935507377393223
TIAL1	1.91531144520926	1.0347997694594	0.83157911191802	1.24437922337017	0.21336002587939	0.935507377393223
SESN2	1.52254903184012	1.03189286091924	1.1790451683714	0.875193663992178	0.381468540119191	0.935507377393223
C7orf55	0.433653019740734	1.03158932839047	1.73703686440964	0.593878776856631	0.55259319486627	0.935507377393223
USP5	0.975131435102562	1.0311006476848	1.23987362689094	0.831617533692004	0.405624861987667	0.935507377393223
KLHDC3	0.955267026901395	1.02983623959073	1.16777754245626	0.881877071744853	0.377843287309534	0.935507377393223
MAX	2.35467853555086	1.02953116054468	0.777578350897614	1.32402240797499	0.185495602839238	0.935507377393223
GABPB1-AS1	1.0292126937099	1.02750163605283	1.28842495166204	0.797486601549724	0.4251684812376	0.935507377393223
PTPN11	0.998584818489386	1.02708498789176	1.20565649627227	0.851888569478434	0.394275941639325	0.935507377393223
ZDHHC3	1.40774604276897	1.02674510129813	0.91944362359775	1.11670261769886	0.264121498236635	0.935507377393223
ZMAT2	2.44179844277191	1.02573887184261	0.851112349236957	1.20517446699276	0.228135957035175	0.935507377393223
MVD	1.38583372050584	1.02531246987332	1.07468244799093	0.954060868668789	0.340052832353638	0.935507377393223
RALBP1	2.92505532775274	1.02526272619852	0.791835034027224	1.29479333717289	0.195391531068326	0.935507377393223
TMEM208	9.43870607635694	1.02376171469556	0.52824119283646	1.93805732793829	0.0526162287763708	0.935507377393223
HDGF	2.44583608332743	1.02372002703172	0.839175080219646	1.21991232957463	0.222498111331637	0.935507377393223
B4GALT4	0.469417975554749	1.02309749644427	1.58464102603667	0.645633603847254	0.518516669398504	0.935507377393223
RSL1D1	7.55504276235043	1.02219713215253	0.552728010493056	1.84936734297342	0.0644047876661926	0.935507377393223
AK3	2.44175946463581	1.02168319668605	0.854270606789748	1.19597138022274	0.231707727776453	0.935507377393223
PRMT6	0.991543293233206	1.02127189781438	1.20111646937493	0.850268832252257	0.395175640716477	0.935507377393223
ASH1L	1.02815248326309	1.0204759571116	1.26856711111057	0.804431983277752	0.421147536147864	0.935507377393223
MRPS30	0.98495226385085	1.02008911626601	1.17970871105412	0.864695756424917	0.387205799228488	0.935507377393223
THAP5	0.52038573824562	1.01983988934757	1.77063612305417	0.57597372835049	0.564632939282102	0.935507377393223
ANP32E	1.93654198219708	1.01951577258287	1.1184958854728	0.911506055430784	0.362028796488446	0.935507377393223
CKAP2	0.454965103455693	1.01938398127813	1.67138409209269	0.609904082551003	0.541925347959147	0.935507377393223
FAM174B	0.465884133354337	1.01871195488145	1.64182201209419	0.620476487327669	0.534944129311263	0.935507377393223
XIAP	1.00469862738365	1.01802551246732	1.19700221017836	0.85047922536052	0.395058705698648	0.935507377393223
GAS8	0.975977455510035	1.01719329375562	1.18877305660064	0.855666511036459	0.39218226905352	0.935507377393223
UBE3B	0.445459133841584	1.01680170212963	1.57892240681183	0.643984592113529	0.51958542539708	0.935507377393223
ZNF790-AS1	0.457576559773946	1.01597223431453	1.61361896380597	0.62962338513809	0.528941019741856	0.935507377393223
C5orf51	0.464287924878289	1.01566888368761	1.57322440809825	0.645596952640327	0.518540411394489	0.935507377393223
NUDT16L1	0.951645417961711	1.01490097834859	1.19438762308088	0.849724962596895	0.395478016601294	0.935507377393223
INPPL1	0.450780934753359	1.01482197574484	1.63084081728399	0.622269178566998	0.533764884264557	0.935507377393223
GKAP1	1.00002240686763	1.01346554298339	1.34040191564474	0.75609078975086	0.449594763676907	0.935507377393223
PURA	0.977926917896269	1.0121168555599	1.1936888376327	0.847890022635302	0.396499221589346	0.935507377393223
UBE2Z	1.52268498837018	1.00926944376801	0.988839367909698	1.02066066190457	0.307415238222438	0.935507377393223
GPR108	0.455429005529443	1.00888825976917	1.58509177761969	0.636485706388686	0.524459894424363	0.935507377393223
JUP	0.96464898813306	1.00778513932924	1.20013807585341	0.839724328063342	0.401062970258827	0.935507377393223
C20orf27	1.41615570903591	1.0073933456631	1.09874479112631	0.91685835855516	0.359216867118399	0.935507377393223
PGK1	3.85496639191708	1.00634348307842	1.02021968867146	0.986398806308953	0.323937450624505	0.935507377393223
MOB1A	2.45471502265208	1.00628992639025	0.808584263034068	1.24450842341939	0.213312501139974	0.935507377393223
MAD2L1BP	0.467598563199132	1.0057867506632	1.62539188846205	0.618796462442594	0.536050452971061	0.935507377393223
CEP89	0.457750504472382	1.00422116525204	1.56891900576194	0.640072025110273	0.522125775174145	0.935507377393223
TRIM44	1.03862562281005	1.00373222253757	1.27942844236666	0.784516108365456	0.432737333764572	0.935507377393223
TMBIM4	0.983423983204369	1.00296475013952	1.22088496887359	0.821506346388121	0.411357910651112	0.935507377393223
RNASEH2C	1.40654884942028	1.00268321071104	1.08302640120818	0.925816036979793	0.354541591508129	0.935507377393223
ERCC8	0.439746883929564	1.00243546579612	1.59420165645976	0.628800918462364	0.529479398664984	0.935507377393223
STARD7	2.91948517950444	1.00098758150196	0.733661221050135	1.36437302774322	0.17245019241987	0.935507377393223
HAT1	0.484177072781546	1.0009752469983	1.6619105309981	0.602303931726782	0.546971844172773	0.935507377393223
HMOX2	2.4190705338027	1.00064504943783	0.87953546871595	1.13769721066359	0.255246938563689	0.935507377393223
CUL4A	0.952995919408877	1.00043476766983	1.16983985550078	0.855189505611069	0.392446244995705	0.935507377393223
TMEM33	1.02360569894307	1.00024547380617	1.21561018147663	0.822834070533322	0.41060235889572	0.935507377393223
ZNF330	0.473411000889788	0.998856709052937	1.58774279271684	0.629104861086324	0.529280408237022	0.935507377393223
UBE2L3	7.56434323929177	0.998510217125117	0.545201619412611	1.83145130456673	0.0670332096108827	0.935507377393223
MLYCD	0.484274529850581	0.998505097391464	1.6762106142201	0.59569190704358	0.551381065652476	0.935507377393223
CNIH4	3.3426032757415	0.997887623562501	0.736470893118848	1.35495867234697	0.175430724585792	0.935507377393223
VCL	0.450595008590654	0.996091222924153	1.7149419830023	0.580830857718187	0.561354455725285	0.935507377393223
BRD7	1.5016921255344	0.994151812955207	0.975338986390678	1.01928850053882	0.308066021703324	0.935507377393223
USP42	0.481340034030551	0.993708525907812	1.63094781603207	0.609282845312245	0.54233697577339	0.935507377393223
PRKAG1	0.476413809316907	0.99362811232046	1.60424952508947	0.619372545717317	0.535670963044826	0.935507377393223
KDM5A	0.484395981204885	0.993594820421227	1.73951873781938	0.571189489839457	0.567871201869954	0.935507377393223
TXN2	1.48436575470396	0.991777996317149	0.948211700436908	1.04594574804357	0.295586080993581	0.935507377393223
SLC12A5	0.43961193225159	0.991756067040957	1.67233931524118	0.593035192082372	0.553157600629879	0.935507377393223
RBM19	0.485358657112353	0.991651496166936	1.63312465983817	0.607211145942281	0.543710796284648	0.935507377393223
RNF8	0.516098477466759	0.990880696522	1.62847864738532	0.608470180504334	0.542875677513667	0.935507377393223
DDX6	1.07206522391625	0.990718979072789	1.35394539865589	0.731727424205076	0.46433495422808	0.935507377393223
TPI1	14.6466888718063	0.989119669004443	0.695579722797193	1.42200762412512	0.155024037655255	0.935507377393223
CRTC3	0.949131692701591	0.988664121902912	1.12945120217207	0.875349125311115	0.381383972149351	0.935507377393223
COPS4	0.998274034857717	0.988518175436223	1.20487793384348	0.820430142896644	0.411970937689694	0.935507377393223
STK17A	2.52823730629633	0.987336185591477	0.910786192105002	1.08404825869127	0.278343402274401	0.935507377393223
GMFB	0.992531608171016	0.987278452123062	1.20593109859367	0.818685622482418	0.412965801652278	0.935507377393223
TPR	1.57914872805375	0.986302865556657	1.11957613325054	0.880960960370833	0.378338950598476	0.935507377393223
TMED10	2.93344221997898	0.985160264843422	0.805983051730961	1.22230890926013	0.221590831378106	0.935507377393223
RNF121	0.46371373711156	0.983003169278758	1.6371768349952	0.600425774581426	0.548222514618971	0.935507377393223
SLC26A11	0.499430673833655	0.982870715379532	1.68815112401266	0.582217256144278	0.560420351443147	0.935507377393223
DYNLL1-AS1	0.455727982228698	0.982139440841669	1.60178889305088	0.613151611365602	0.53977609663358	0.935507377393223
BNIP3	5.29314142735161	0.981820458850435	0.727984571872674	1.34868305838514	0.177438789445296	0.935507377393223
SZRD1	2.91565276303736	0.98160251752087	0.717423567843709	1.36823288433523	0.171239191369357	0.935507377393223
GLCE	0.448806524039147	0.981349540763009	1.70298305825683	0.576253261008665	0.564444009693878	0.935507377393223
PEPD	0.48135761649577	0.981276939638962	1.71932943979334	0.570732354677128	0.56818108324444	0.935507377393223
PANK3	0.458353123665992	0.979192961075269	1.61632209023595	0.605815491225716	0.544637281704006	0.935507377393223
ITGA2	0.474160683467739	0.978528031911006	2.0295447976948	0.482141627532655	0.629705340147561	0.935507377393223
EIF4EBP2	0.485465510262358	0.97819203915197	1.60194297434291	0.610628502274377	0.541445549032831	0.935507377393223
MRPL15	0.991525840624113	0.976814081558849	1.2689622950652	0.769773921067259	0.441434012008947	0.935507377393223
DYNC1I1	0.444916340174823	0.97322518221896	1.71734795222014	0.56670238606032	0.570916399479355	0.935507377393223
UBR3	0.492442938346401	0.971929734835039	1.65166576800253	0.588454246412371	0.556227435805505	0.935507377393223
SMIM13	0.453363571267369	0.970923963849967	1.60324238893882	0.605600232721277	0.544780247768551	0.935507377393223
IDH3A	1.03226068719301	0.970287590969759	1.12451008024859	0.862853617777497	0.388217954977756	0.935507377393223
VDAC2	12.9298425393702	0.970099540522531	0.485949164481234	1.99629840203171	0.0459014518901183	0.935507377393223
UBE2I	6.4148299109521	0.970078162632886	0.591233945464665	1.64076871782198	0.100845434178887	0.935507377393223
SPINT1	1.51483893947267	0.969097661158649	1.09605640004591	0.884167695310259	0.376605694247723	0.935507377393223
MICU2	0.506088922038508	0.968199491453581	1.64592915630779	0.588238860550645	0.556371976911531	0.935507377393223
BAZ1B	1.58916466646003	0.968186159811679	1.18182172809163	0.819231984653963	0.412654069617469	0.935507377393223
TMEM245	0.497014102762132	0.967396711790399	1.62168960311071	0.596536297658165	0.550817012878662	0.935507377393223
CHD6	1.55780567119155	0.966921449467967	1.03226418626583	0.936699599126614	0.348913102514641	0.935507377393223
LINC00116	1.48065745356741	0.966639557852572	1.03627375148568	0.932803283366701	0.350921545662704	0.935507377393223
DNPEP	4.45322656022472	0.966276722285754	0.701422709347909	1.37759543483283	0.168328231214327	0.935507377393223
C19orf53	9.54553233816576	0.966189190774793	0.49253060985953	1.96168354094855	0.0497993392405834	0.935507377393223
MRPL45	0.981341386058206	0.964979325358716	1.16046889666622	0.831542601556057	0.405667172213095	0.935507377393223
ZNF581	0.973051730597941	0.964910917842484	1.23086284975784	0.783930490738527	0.433080897490157	0.935507377393223
ZNF721	0.4826234826672	0.963841095347985	1.58807906579942	0.606922612422195	0.543902270817859	0.935507377393223
CALU	1.52529884165568	0.962528971940287	1.03545696934993	0.929569263070942	0.352594147982003	0.935507377393223
INTS1	0.479482810423891	0.96180818200315	1.54768020781582	0.621451496986262	0.534302598084603	0.935507377393223
GPATCH8	0.502713107085298	0.960309435139887	1.60331285045517	0.598953245380188	0.549204063271151	0.935507377393223
KRAS	1.53853323282483	0.959827304098583	1.05532063051513	0.909512499182419	0.363079663081338	0.935507377393223
PSMF1	1.51472226366428	0.956672414985352	1.02016247525089	0.937764756295394	0.348365316784161	0.935507377393223
LRP10	4.40749439466887	0.955652196039626	0.73801491115664	1.29489551172062	0.195356277025638	0.935507377393223
ATP6V1C1	1.04039671132755	0.955532120450822	1.23323441710572	0.774817915553606	0.438447261375436	0.935507377393223
ARL16	1.53342631580121	0.955236911737329	0.9621978193455	0.992765616936333	0.320824189427042	0.935507377393223
WDR45	1.47609096700098	0.952648238009422	1.00336527117679	0.94945307095602	0.342390229366531	0.935507377393223
RNF187	1.0298619587356	0.952480097728024	1.25529312668725	0.758771061100003	0.447989519700207	0.935507377393223
CAPNS1	2.94674977618961	0.952390400975064	0.742192630612535	1.28321188016789	0.199417854931467	0.935507377393223
KIF21A	1.62084842736509	0.952144473400698	1.1827980280282	0.804993287812616	0.420823553152504	0.935507377393223
PCGF1	0.480016984221481	0.951901018057166	1.56100343075117	0.609800721321351	0.541993823636547	0.935507377393223
DDX39A	1.53024125239538	0.951523235988969	1.07523008166082	0.884948488903165	0.376184414135585	0.935507377393223
PBDC1	1.04289862675306	0.950711718932964	1.2762015122185	0.744954233191811	0.456299387767796	0.935507377393223
MFSD9	0.479165409088638	0.950587706319785	1.59680976162462	0.595304293075362	0.55164008676316	0.935507377393223
KCTD3	0.508273521334162	0.949237889356497	1.62931400787346	0.582599722809367	0.56016279205724	0.935507377393223
NFE2L2	2.13149483237007	0.947980368108174	1.01243579086436	0.936336285878277	0.349100071196022	0.935507377393223
POLR2D	0.542450999391435	0.946979128900263	1.64839697582566	0.574484873964254	0.565639733425312	0.935507377393223
NDUFA6	4.96854514093656	0.946201728428048	0.62838115165403	1.50577675020559	0.132124493693272	0.935507377393223
PTBP1	0.51081303503178	0.945259154619336	1.62373135064387	0.582152431955266	0.560464010810986	0.935507377393223
VRK3	1.01315208638234	0.943734471266714	1.16523701962581	0.809907731535831	0.417993207898399	0.935507377393223
TPMT	1.00085037331024	0.943395915306775	1.24172776570462	0.75974456025105	0.447407287480058	0.935507377393223
MRPS18C	2.4977601457598	0.94321724768147	0.82589643839501	1.14205268824558	0.253432119631339	0.935507377393223
CINP	1.49208315396799	0.942657309956938	0.974095481349629	0.967725780485982	0.33318133920286	0.935507377393223
FEM1B	0.475454408962936	0.941353644908373	1.59602787167095	0.589810279392445	0.55531785032889	0.935507377393223
TIPRL	1.52974148975904	0.938983685872831	1.00399892452274	0.935243716838822	0.3496627136181	0.935507377393223
MCUR1	3.02857041332446	0.938174724262761	0.754310673780411	1.24375109205451	0.213591185586409	0.935507377393223
BCL7B	2.0569791813928	0.938077385839862	0.909763746220951	1.03112196956245	0.302483626497146	0.935507377393223
HLA-C	2.97782480494438	0.936745827829779	0.889255517658132	1.0534045718341	0.292155609732529	0.935507377393223
PISD	0.492123547892232	0.93583393830925	1.58419519296612	0.590731459396154	0.554700365663008	0.935507377393223
ARF3	2.99665640903456	0.935420440668345	0.788160363554212	1.18684024714217	0.235290640179933	0.935507377393223
NDUFS6	7.43434823478802	0.935027451556228	0.602337573386947	1.55233127214456	0.120582978966325	0.935507377393223
PRPF8	0.512291956741675	0.934476032459113	1.59541996364803	0.58572416902843	0.558060889640319	0.935507377393223
ATG5	1.05435834045725	0.934468226921814	1.22794050526461	0.761004481011432	0.446654390788166	0.935507377393223
PNMA1	1.04110591796349	0.934244646219636	1.21688005266069	0.767737661716882	0.442643056433916	0.935507377393223
COPS7A	0.471597782339863	0.934097781248392	1.63605201619239	0.570946260878876	0.568036071099407	0.935507377393223
MECP2	1.04338626761346	0.933882340928561	1.13892318342849	0.819969559419545	0.412233460732612	0.935507377393223
EEF1E1	1.54316871947663	0.930606854443463	0.990811239430757	0.939237280935689	0.347608932011957	0.935507377393223
CIAPIN1	0.513862952390754	0.930456265002215	1.68610529191983	0.55183758064289	0.581059637002472	0.935507377393223
TPBG	0.494675381607307	0.929628462782881	1.59548890759962	0.582660561508688	0.560121827559022	0.935507377393223
TOMM40	5.07880464278454	0.928452471153169	0.639295636111159	1.45230534780583	0.146416721171635	0.935507377393223
BNIP1	1.0231793833807	0.927504256102132	1.1310781356278	0.820017845705529	0.412205933896225	0.935507377393223
AC007969.5	0.43975795508095	0.927425020237429	1.54942902295718	0.598559215360108	0.549466860102954	0.935507377393223
SLC9A3R1	1.49684848335097	0.927263218964719	0.970862625535948	0.955092094983921	0.339531126211208	0.935507377393223
ZNF770	1.03577136602125	0.925748022899992	1.19135775913344	0.777052917818203	0.43712755018121	0.935507377393223
HADHA	1.50715966127931	0.925549619340146	0.974052998682466	0.950204578798148	0.342008312525525	0.935507377393223
NR2C2AP	0.496141918656131	0.925105350985925	1.72469268198036	0.536388517590093	0.591690065475319	0.935507377393223
C1orf52	2.07370154287522	0.924553377305137	0.849999514817003	1.08771047652208	0.276722941276195	0.935507377393223
SELM	0.459669046387015	0.924435020971062	1.87585652874535	0.492806889442318	0.622149042302115	0.935507377393223
IMMP1L	0.485021748719794	0.924020765568245	1.60881012933077	0.574350415081374	0.565730699740979	0.935507377393223
HNRNPM	1.59079450740001	0.923296593681972	1.07538192850648	0.858575515551275	0.390574751222259	0.935507377393223
DDX41	1.54367411317163	0.923027867508796	0.957412331351287	0.964086044521736	0.335002788745657	0.935507377393223
ZC3H13	1.09757932186835	0.923000941050352	1.30080483284211	0.709561432850539	0.477976143028728	0.935507377393223
EIF3B	2.11356179963353	0.922111639167783	0.91236425482502	1.0106836543532	0.312167862822236	0.935507377393223
AC141586.5	2.10566501078993	0.921940839309357	0.984737044786343	0.936230483244782	0.349154531429238	0.935507377393223
COPZ1	2.56846347366599	0.921747303216668	0.883714144253818	1.04303785246638	0.296930761938478	0.935507377393223
VKORC1	1.02437373229577	0.921234959093683	1.25164292985416	0.736020583123515	0.46171817156244	0.935507377393223
INO80	0.524896155606075	0.920890380257779	1.60780585072574	0.572762177623686	0.56680573133236	0.935507377393223
PFDN2	6.08586991764229	0.919642590036986	0.647279469587758	1.42078133672723	0.155380338015962	0.935507377393223
SLAIN2	0.507884449127847	0.919244066234609	1.59980323372876	0.574598204863025	0.565563066414889	0.935507377393223
UBE2F	3.01731147391219	0.918658013344987	0.749316188571882	1.22599515045291	0.220200499992749	0.935507377393223
DNTTIP1	2.08779373827593	0.918523850220696	0.966217743207239	0.950638566387501	0.341787883888366	0.935507377393223
CNOT7	1.54295858106025	0.918498742836878	0.933114492308555	0.984336595785243	0.324950041597983	0.935507377393223
FAM53C	0.515999534791461	0.917754428184424	1.62380978953344	0.565185919003555	0.571947313198584	0.935507377393223
C3orf14	12.0229407553118	0.917252069674702	0.653183106516325	1.40428014828301	0.16023544333538	0.935507377393223
SPTLC2	0.503855907455884	0.916768792293696	1.70164273450243	0.538755153302942	0.590055811920829	0.935507377393223
NRDE2	0.506786950261964	0.916654281871972	1.65492447591806	0.55389493309866	0.579650752981579	0.935507377393223
KIF9	0.472762019540457	0.916367448962287	1.61203622033126	0.568453386719796	0.569727148521056	0.935507377393223
ZFYVE21	2.05619101443356	0.914897896763743	0.828011779869935	1.10493343090778	0.269188435185913	0.935507377393223
LINC00998	0.507803548583644	0.912692967706989	1.71240411821935	0.53298923892805	0.594041029473804	0.935507377393223
IFNGR1	0.508917578533843	0.912411257867364	1.61588801361905	0.564650056301778	0.572311810973767	0.935507377393223
ETHE1	0.473545966506978	0.912167283443327	1.67552626032981	0.544406438168135	0.586161816399219	0.935507377393223
PSMD8	15.0291008855119	0.911166104530164	0.622210374988258	1.46440197906915	0.143084147701477	0.935507377393223
HERPUD1	1.52704676741664	0.91052885006146	1.29710193618142	0.701971699111016	0.482696812988988	0.935507377393223
DERL1	2.59091108477352	0.910020090841495	0.93030326267272	0.978197247451382	0.32797677758024	0.935507377393223
CD2BP2	3.07966204521222	0.90899097541906	0.741635981499815	1.225656518958	0.220327959234599	0.935507377393223
RBBP6	1.60407005711546	0.906855140148993	0.948077987328496	0.956519560911164	0.338809806604167	0.935507377393223
MAGT1	0.499494366915311	0.905161803162946	1.62617530953933	0.556620062949649	0.577787043088318	0.935507377393223
RAB31	1.5200509489378	0.903295982927664	1.06896894011602	0.845016116959983	0.398101840511126	0.935507377393223
LINC01006	0.467520470402435	0.903128254859598	1.66899644594707	0.541120538065088	0.588424502949523	0.935507377393223
AMZ2P1	0.506834813684152	0.902747692059906	1.64919637542452	0.547386415294253	0.584113286204243	0.935507377393223
SLC7A6OS	1.0920165817935	0.902508627420839	1.24758877382597	0.723402331245035	0.469432739396698	0.935507377393223
CHMP6	0.505889242897045	0.901924227089434	1.60316682864608	0.56258912732815	0.573714697395078	0.935507377393223
AMMECR1	0.508192755725833	0.901774324985177	1.63067075818941	0.553008214844331	0.580257785034571	0.935507377393223
DDB1	1.08814564940713	0.90141860661	1.15684426589693	0.779204801530573	0.435859082129392	0.935507377393223
MIEN1	1.52529174468487	0.899932529228448	0.985524005152072	0.913151302782913	0.361162971464725	0.935507377393223
GLYR1	0.523858233991891	0.899553531546391	1.58222231050258	0.568538014901747	0.569669700400038	0.935507377393223
TRPT1	1.04180664668051	0.898481367950799	1.15028876435892	0.781092014274819	0.434748378380784	0.935507377393223
LETMD1	0.499375391128925	0.895581634972121	1.68527935047924	0.531414352592316	0.595131677784039	0.935507377393223
TOMM22	4.05160104940809	0.895433943031797	0.646394784493195	1.38527408406282	0.16596867505841	0.935507377393223
LAPTM4A	2.12057501533403	0.89486034179639	1.0174755041805	0.879490796701919	0.379135221010238	0.935507377393223
GSTK1	1.01458966226366	0.894800540507292	1.22837643339836	0.728441637415483	0.466343282879073	0.935507377393223
SMIM14	1.05194682997365	0.89148839955916	1.27118765348057	0.701303538559571	0.483113605888661	0.935507377393223
RPS19BP1	5.21708623433465	0.890649675130926	0.668349714031557	1.33261024345837	0.182659741855437	0.935507377393223
FLAD1	1.51868824925915	0.889996261480711	0.950433017515611	0.936411346279953	0.34906143831203	0.935507377393223
GDI1	2.05679185431612	0.888135637543456	0.845290446719687	1.05068694552274	0.293402393638677	0.935507377393223
CNIH1	3.63214117204123	0.887179598641451	0.69526108254605	1.2760380537806	0.201942067511819	0.935507377393223
PRPF31	1.56388521779082	0.885471313128053	0.967592248869836	0.915128572146271	0.360124136881888	0.935507377393223
RABEP2	0.514296101328786	0.885000730409744	1.60491648968602	0.55143101594207	0.581338243818122	0.935507377393223
PARD3	0.540436264400227	0.884591514510385	1.58418372288497	0.558389473223123	0.57657845949915	0.935507377393223
IARS	1.64459040982238	0.883996978984824	1.00891660599538	0.876184388017569	0.380929802307799	0.935507377393223
PPP6R3	0.546254317158557	0.88394857502111	1.62344891518248	0.544488075204849	0.586105652157851	0.935507377393223
NIFK	1.62428627644031	0.883054643695869	1.12818859910837	0.782718992545896	0.43379214668023	0.935507377393223
TEX30	0.509092557964287	0.882936795307346	1.67047123022751	0.528555523334032	0.597113820770879	0.935507377393223
GSTM3	2.11299618373888	0.882480966100393	1.11714386829142	0.78994388381693	0.429560541328793	0.935507377393223
MCCC2	0.522583625556049	0.88180996050346	1.55571080505129	0.566821261149746	0.570835624081454	0.935507377393223
RAB4B	0.997143345721144	0.881257736341974	1.15239557362281	0.764718085102967	0.444439434659446	0.935507377393223
FOSL1	2.6222711062714	0.880351228215031	0.941913406444996	0.934641361075521	0.349973155935103	0.935507377393223
RHBDD2	3.20098603951577	0.879020459049201	0.821212185004752	1.07039383377405	0.284442073655298	0.935507377393223
JUND	1.04950910932996	0.878469938412225	1.20558731915443	0.728665542889387	0.466206275134932	0.935507377393223
SEC16A	0.516718901443512	0.87706967235863	1.6131451163036	0.543701656778634	0.586646792153449	0.935507377393223
YIPF6	1.61310192024092	0.876748246688988	0.984949221975679	0.890145630990343	0.373387693882221	0.935507377393223
SH3YL1	2.09095019199108	0.876624901536678	0.886008964511043	0.989408613964144	0.322463261720702	0.935507377393223
ARID4A	0.54772389573095	0.875725592164651	1.61636111680925	0.541788331244543	0.587964330782396	0.935507377393223
SMEK2	0.532197883617772	0.874516138057312	1.63685776693127	0.534265197456239	0.593158067127483	0.935507377393223
STRA13	13.2373446563947	0.874086017998463	0.526709047855072	1.65952345333353	0.0970103586560553	0.935507377393223
WDR34	0.527925191727035	0.873415638491585	1.77476505842203	0.492130287525581	0.622627242307757	0.935507377393223
OSGIN1	3.80218423698017	0.872685745496142	1.05846699864888	0.824480826147737	0.409666405998414	0.935507377393223
YIPF3	2.11705277420012	0.872066938943887	0.846651834121447	1.03001836622584	0.303001384046243	0.935507377393223
TSC22D3	0.529697172283821	0.87019255610245	1.77505317810636	0.490234640198654	0.623967871171095	0.935507377393223
LMO4	0.511376214800035	0.869216358636842	1.63911345179611	0.530296641568265	0.595906274846762	0.935507377393223
STARD10	3.60452835615089	0.867248521571218	0.730498621808753	1.18720076353308	0.235148439793858	0.935507377393223
PRKAR1A	2.18153729790613	0.866207434496889	0.909353866752154	0.952552648828155	0.340816778327197	0.935507377393223
ABHD2	0.508127849032895	0.863850040607435	1.58867995302669	0.543753346268179	0.58661121714743	0.935507377393223
MRPS12	7.26188189877319	0.863661057127665	0.545025925762069	1.58462380650989	0.113051832687421	0.935507377393223
IFT20	1.56228425232937	0.86265207952342	0.98824069576479	0.872916975814097	0.382708332683493	0.935507377393223
FAM96B	7.76219778866596	0.859441960900597	0.569874740041286	1.50812433068771	0.131522709156926	0.935507377393223
COMMD5	2.1428538898743	0.859280959811112	0.86369057927379	0.994894445338995	0.319787604731752	0.935507377393223
VPS29	4.76313310817319	0.858754002474318	0.752937622659961	1.14053804276712	0.254062212868265	0.935507377393223
PAK4	0.496952751786123	0.85610893680377	1.55105643001901	0.551952153535303	0.580981134860537	0.935507377393223
LINC01184	0.51336564150897	0.855974051317971	1.61320331257067	0.530605190708394	0.595692397934063	0.935507377393223
ORMDL1	2.66963383665839	0.853421713267902	0.816173438817378	1.04563769497877	0.295728338741974	0.935507377393223
COA1	1.07763353182542	0.852762767531697	1.1593786366603	0.73553431171387	0.462014151401539	0.935507377393223
ZNF622	1.17260912653321	0.852647099981481	1.30385908427598	0.653941143076015	0.513149725640839	0.935507377393223
TRAF2	0.537688477171124	0.851680899199027	1.6161183667028	0.526991658993781	0.598199380780201	0.935507377393223
KMT2A	1.12454144992201	0.850533453964331	1.24812206829076	0.681450537229177	0.495586454450181	0.935507377393223
KLF3	0.538270809670674	0.850139730479565	1.64784733860793	0.515909277856861	0.605917773829715	0.935507377393223
NR3C1	0.539177508547753	0.849156163716671	1.66840946010551	0.508961489383409	0.610779218041431	0.935507377393223
DNAJB11	2.66881276203726	0.848614978644726	0.939827486789466	0.902947605356458	0.366553703170198	0.935507377393223
LAPTM4B	2.16525052813324	0.848072895715616	0.993838229326948	0.853330925184828	0.393475815094482	0.935507377393223
RAB22A	6.50130473747999	0.846835154897929	0.610275741345792	1.38762709628679	0.165250626049407	0.935507377393223
DYNLT3	1.61223794089431	0.846661905325352	1.0088115207662	0.839266689462774	0.401319671283878	0.935507377393223
AMFR	0.552497359744525	0.846205303652518	1.59929014333087	0.529113061304879	0.596727021300703	0.935507377393223
PLEKHB2	3.27154617851719	0.845735942564756	0.796491956217062	1.06182609373933	0.288314641562772	0.935507377393223
IGHMBP2	0.53495689186488	0.845698326515577	1.56349144511223	0.54090371211137	0.588573952153347	0.935507377393223
DDAH2	0.533813874595369	0.845164906805394	1.7136811439647	0.493186792526675	0.621880609159615	0.935507377393223
PON2	0.506398369264354	0.84493170124352	1.69530330394047	0.49839559639836	0.618205239972354	0.935507377393223
DANCR	2.07237987109352	0.844796778649466	0.931902128997432	0.906529508155887	0.364655653651568	0.935507377393223
SYPL1	1.66854643685152	0.844591777010349	0.967281812174644	0.873159989550033	0.382575879596953	0.935507377393223
CTCF	0.548641437955329	0.844039596722196	1.70537090288319	0.494930220338121	0.620649377731509	0.935507377393223
GNAQ	1.08893351742636	0.843489668120101	1.23385383758797	0.683622032386767	0.494213868390395	0.935507377393223
UBE2O	0.551293437984442	0.843428081686696	1.57500459009455	0.535508332477979	0.592298397305996	0.935507377393223
UGP2	1.11234592079106	0.843160180037684	1.15131469245045	0.73234553990022	0.463957690086336	0.935507377393223
RAP2C	0.539229183629748	0.841462137510778	1.61052439678492	0.522477113163006	0.601338177557756	0.935507377393223
POLR2B	0.551604365152957	0.840511049329393	1.59444193296946	0.527150617372463	0.598088998562105	0.935507377393223
ZFR	1.16397468038022	0.84050087027657	1.31738993356136	0.63800462479959	0.523470669552736	0.935507377393223
PRPSAP2	0.524792827308864	0.840452228350594	1.62595448347658	0.516897758757403	0.605227532257204	0.935507377393223
ELMOD3	0.535863645422703	0.838854375172157	1.6161968487063	0.519029829716365	0.603739939742504	0.935507377393223
NFYB	0.536946567634052	0.838802695593734	1.60519597747489	0.522554695728332	0.601284174539411	0.935507377393223
ELL2	0.528537854945323	0.838772733643475	1.57057322203167	0.534055160165313	0.593303371431034	0.935507377393223
ITM2B	2.17763411428951	0.838182402089438	0.956635384761764	0.876177502359663	0.380933544991072	0.935507377393223
GPANK1	0.547502169936145	0.838041896650273	1.59302988751705	0.526067905704187	0.598841026844013	0.935507377393223
ZNF593	3.73686999900361	0.837681206124411	0.706433792416149	1.18578869685632	0.235705756375291	0.935507377393223
MYL6B	2.10570536253014	0.83724500921149	0.921739437843985	0.9083315466786	0.36370308006704	0.935507377393223
CHST15	0.519779327811255	0.836394752144095	1.60564249853682	0.520909699952685	0.602429677879088	0.935507377393223
PIGS	0.51625948826592	0.835669267297295	1.6021463801358	0.521593580747886	0.601953333716655	0.935507377393223
TDG	1.67612287977691	0.834718796620454	0.995574224009201	0.838429497761625	0.401789528406712	0.935507377393223
UBALD2	3.08855965243924	0.83454797224767	0.799120312356474	1.04433332421088	0.296331200147982	0.935507377393223
STK24	0.52701855413824	0.834471363827984	1.63283081309019	0.511058069910327	0.609310395303716	0.935507377393223
TSG101	1.14912814171482	0.834219258479434	1.29106912109749	0.646146085323686	0.518184751925702	0.935507377393223
MOCS2	1.68077406933616	0.833965273994852	1.02677756915854	0.812216101173987	0.416667642152553	0.935507377393223
ZNF354A	0.566517961605495	0.833647331587985	1.70004319951293	0.49036832230312	0.62387328838425	0.935507377393223
ATF7	0.512332750297506	0.833479366501265	1.57169702355038	0.53030536675477	0.595900226330998	0.935507377393223
MT-ND2	33.6405274052921	0.832700388390806	0.585239166278431	1.42283776679882	0.154783190361569	0.935507377393223
TMA7	9.48318970328512	0.832700000218431	0.624040057633017	1.3343694688076	0.182082800861258	0.935507377393223
PPP2CA	3.33537912010983	0.832662689355761	0.815436910618566	1.02112460021478	0.307195409357517	0.935507377393223
EIF3J	4.86634980530141	0.83149011009215	0.652210333852356	1.27488030614427	0.202351610684788	0.935507377393223
ATP1B3	1.66860695151256	0.829306855315086	1.0546351742666	0.78634477168068	0.431665529585657	0.935507377393223
KIAA1715	1.09890620705304	0.828570856135165	1.20443241505286	0.687934703333935	0.491493901592892	0.935507377393223
FAIM	0.531226661645543	0.828566350752715	1.6228923124168	0.510549187036829	0.609666764173328	0.935507377393223
BTF3L4	1.66515045000103	0.826348488195985	0.969840872804865	0.852045434841401	0.394188875100762	0.935507377393223
TARSL2	0.546210817537989	0.826148307028551	1.62716487668348	0.507722554036701	0.611647929031925	0.935507377393223
SEC61A1	2.18622222210512	0.824687951216356	0.848023393530451	0.972482548839901	0.330810542483623	0.935507377393223
APPBP2	5.07452909909345	0.824610839373585	0.827804456909039	0.996142062888405	0.31918112494459	0.935507377393223
ZNF205	0.539363058195084	0.823858561540606	1.56987851765585	0.524791283067428	0.599728291911487	0.935507377393223
PTDSS1	1.06535267991062	0.823626072055112	1.11780151109477	0.736826765646839	0.461227704123465	0.935507377393223
PSMB7	24.3721744970314	0.823186149732872	0.571983164923348	1.43917898325415	0.150099818406635	0.935507377393223
FAM208B	0.581764559828851	0.82270682535251	1.65408442906616	0.497378979510122	0.61892182603583	0.935507377393223
DDA1	1.58985230945469	0.822091313683431	0.976210587193511	0.842124972283742	0.399718004479432	0.935507377393223
MUS81	0.566279454080857	0.822000645329045	1.59261848740687	0.516131548031594	0.605762535156811	0.935507377393223
C9orf78	3.29408396858091	0.82146497364816	0.70570790885491	1.16402971164243	0.244411971195563	0.935507377393223
NOB1	1.65269435784398	0.820880064996098	1.03382120154491	0.794025179372796	0.427180773062794	0.935507377393223
ERBB3	0.525262258426666	0.820849370550621	1.60952970458033	0.509993303146059	0.610056153510146	0.935507377393223
TSPAN17	1.66974519861862	0.819152259709278	0.987749363519055	0.829311857808628	0.406927962756968	0.935507377393223
CAMLG	4.32822622145927	0.818726291233396	0.668420254241943	1.22486756802712	0.220625121771119	0.935507377393223
PRNP	0.557938272478603	0.818719419172226	1.61090353464344	0.508236155402965	0.611287737998419	0.935507377393223
FIP1L1	0.586219185509745	0.818062961616714	1.73384100533445	0.471821210306947	0.637054410114974	0.935507377393223
ABCD4	0.55351846604696	0.81781877292448	1.57122416627078	0.520497832505678	0.602716638214807	0.935507377393223
PRICKLE2	0.545678639907942	0.816971330497234	1.62621443641383	0.502376139458484	0.615402959888951	0.935507377393223
DSC2	0.57287659365201	0.816697740387062	1.73969286616477	0.46944938171041	0.638748458047533	0.935507377393223
KLC3	0.525915073697795	0.816489435144879	1.78909097234636	0.456371111232017	0.648123135915593	0.935507377393223
RAB6A	2.23499408568968	0.815573024275484	0.842796776644633	0.96769831930595	0.333195057749872	0.935507377393223
ZSCAN2	0.519557686237951	0.815440619111107	1.63530817060214	0.498646453170262	0.618028473554889	0.935507377393223
C9orf3	0.512037807697416	0.813747946003787	1.70690661674648	0.476738409717377	0.633548408173207	0.935507377393223
CSE1L	0.554674294872387	0.813357963413933	1.60906511835737	0.505484802407659	0.613218370035028	0.935507377393223
GSR	0.519012361042413	0.812762596657421	1.5557495415248	0.522425091548365	0.60137438955098	0.935507377393223
REEP5	5.95174960055155	0.812207638195576	0.728625111246452	1.11471266315011	0.264973572763567	0.935507377393223
ISOC1	0.546289478289628	0.812194054396225	1.6609599861838	0.488990740988476	0.624848251982592	0.935507377393223
RPL36	54.1826225903546	0.811807224006533	0.290097963992698	2.79838993984448	0.00513580689634489	0.935507377393223
TOR1A	1.67456576416067	0.811263078058416	0.982477634109683	0.825731853726706	0.408956218550597	0.935507377393223
API5	0.546940119562951	0.810383390741139	1.59522532110154	0.508005596464297	0.611449418433225	0.935507377393223
PARL	2.27653713403701	0.809726392907962	0.876566872877276	0.92374742642291	0.355617833299043	0.935507377393223
TXNDC12	0.563660562585224	0.809681372701329	1.62294957111466	0.498894966986085	0.617853379904534	0.935507377393223
RPS6KA3	0.545182143356769	0.809003945615156	1.63069595911013	0.496109615710722	0.619817075362499	0.935507377393223
LDLR	0.573986534829047	0.807621194664597	1.65679738937392	0.487459239038145	0.625932921852417	0.935507377393223
CREB1	0.562057545099366	0.80665753773889	1.628512968307	0.495333812771225	0.620364506766006	0.935507377393223
GLO1	5.5555000261409	0.806561364018327	0.70022039848804	1.15186784869436	0.249375381803265	0.935507377393223
EIF2B4	0.538767416554247	0.805329247889133	1.58089279472839	0.509414206057846	0.610461920802762	0.935507377393223
MON1B	0.559116015884061	0.805080040254122	1.5614683547391	0.515591646677104	0.606139645748329	0.935507377393223
RAP1GDS1	0.550270095659005	0.804633939846175	1.58259093740519	0.508428249415764	0.61115304572311	0.935507377393223
MAFG	4.50533176831872	0.804394155386684	0.723530505096481	1.11176259980831	0.266240236372392	0.935507377393223
AP5Z1	1.14551848845704	0.804260525850566	1.20841323631176	0.66555090732478	0.505698194328997	0.935507377393223
SLC35B1	3.90536452200403	0.803966463372174	0.727423683013421	1.10522448216377	0.269062331018972	0.935507377393223
FAM175B	0.54207287237338	0.800157211970757	1.63320962636877	0.48992927732725	0.624183944814871	0.935507377393223
PYCARD	1.10587930619888	0.799956006768908	1.42827242238685	0.560086433253443	0.575420483730733	0.935507377393223
QPRT	2.6988973094173	0.799688428657548	1.14148084231731	0.700571046846577	0.483570752485068	0.935507377393223
SHISA4	1.09486311929553	0.798174776500085	1.26612360549826	0.630408257956758	0.528427509304848	0.935507377393223
IQCB1	0.57207820433217	0.796561855943569	1.6722270066959	0.476347919722615	0.633826531405158	0.935507377393223
PPP2R5E	1.73594291941201	0.796497426903235	0.947425557034465	0.840696581371892	0.400517936242672	0.935507377393223
MRPL41	19.3068065393078	0.795420588545498	0.552065619983519	1.44080804845128	0.149638919036184	0.935507377393223
RFXANK	1.13984229470909	0.794860538546457	1.16283989339961	0.68355114324694	0.494258644762038	0.935507377393223
DHX30	1.12176709419687	0.791859359891758	1.17495868267887	0.673946557921804	0.500345290791025	0.935507377393223
C7orf50	2.25660889946298	0.791450906147562	0.979103076685786	0.808342783301818	0.418893279930816	0.935507377393223
GDAP2	0.564187946432532	0.790173944178552	1.59313950901919	0.495985404733964	0.61990470844896	0.935507377393223
HECTD4	0.553127903498052	0.787977262006675	1.56970091433463	0.501991974911146	0.615673166042308	0.935507377393223
TMED2	4.46115310511882	0.784747254297543	0.681480418764392	1.15153309279287	0.249512989006838	0.935507377393223
HNRNPDL	2.35060995834463	0.784188968286761	1.03658825926655	0.756509598943001	0.449343719461716	0.935507377393223
GOSR1	0.57753815708922	0.784013250039397	1.57890672522285	0.496554506681665	0.619503241066558	0.935507377393223
RP4-758J18.2	0.548190345778069	0.783899507161414	1.55820309160221	0.503079163034758	0.614908615946744	0.935507377393223
TSSC4	1.69487212218504	0.783637834111163	0.965623309319548	0.811535747478356	0.417058072734396	0.935507377393223
WRB	0.55978233509096	0.783623140821462	1.54901173307194	0.50588586522028	0.612936775598077	0.935507377393223
NASP	0.571739740322938	0.783172819078384	1.81312849324105	0.431945569218003	0.665780973947579	0.935507377393223
AIG1	0.553555466967946	0.782766553493988	1.65012815902937	0.474367126705131	0.635238130839052	0.935507377393223
SDF2	1.13547494089066	0.78261560468011	1.1654461300935	0.671515898051266	0.501891935115665	0.935507377393223
BOLA3	3.3018277016567	0.782293900119769	0.834186193189244	0.937792913029307	0.348350843845343	0.935507377393223
GRIPAP1	0.565349851486979	0.781666147115806	1.66161140731866	0.470426565244386	0.638050288305987	0.935507377393223
PTBP3	0.547969794669454	0.781041888800369	1.60938538367521	0.485304450209915	0.627460399192763	0.935507377393223
LITAF	2.8353971033588	0.780849601909159	0.871397733351766	0.896088630969557	0.370205428595054	0.935507377393223
PTK2	0.57214637334854	0.780693179643697	1.60876448021057	0.485274997830329	0.62748128835136	0.935507377393223
ACER3	0.547573790804445	0.779803806177943	1.56523675823181	0.49820182287238	0.618341797767058	0.935507377393223
MSRB1	10.3604710529631	0.778164613296488	0.58725558776217	1.32508677569473	0.185142371758982	0.935507377393223
PKM	9.41654374398436	0.777236399690487	0.786780754265132	0.987869105182219	0.323216757878975	0.935507377393223
RILPL2	0.536466476324606	0.776442420795424	1.62238623255588	0.478580503960656	0.632237090669331	0.935507377393223
PPIB	5.65231453013922	0.77561607057322	0.770077851617928	1.00719176501916	0.313842629655653	0.935507377393223
GAPVD1	0.565508996354797	0.775181174995127	1.57910663670495	0.490898560601748	0.623498195166002	0.935507377393223
TAF3	1.18968475244233	0.774764916465746	1.21461394751969	0.637869273646874	0.523558780730776	0.935507377393223
SLC25A46	0.568684841035352	0.77457276826885	1.5757167323916	0.491568536619659	0.623024390399843	0.935507377393223
CD151	1.66646940516351	0.774538856459055	1.10988786918299	0.697853249832535	0.485268973611003	0.935507377393223
CBFB	0.545434248992559	0.773942665750543	1.60307180375892	0.482787273742689	0.62924678784782	0.935507377393223
DDX24	3.49770541409066	0.773288825869161	0.83594065840672	0.925052296586492	0.35493870510478	0.935507377393223
UBE2M	11.9409184809583	0.77185080923244	0.577544070029651	1.33643621203281	0.181406736865529	0.935507377393223
KIAA0907	0.597394630499451	0.770972866536541	1.58555261016713	0.486248681748425	0.626790859404716	0.935507377393223
SLC25A11	1.1096471534865	0.770896655825069	1.12380304782203	0.685971316165313	0.492731196503223	0.935507377393223
COPE	8.7931976937532	0.770703742722759	0.596970545361087	1.29102473934721	0.196695099116117	0.935507377393223
MT-ND1	29.5780046216107	0.770439301300015	0.562135248471085	1.37055860381551	0.17051259493193	0.935507377393223
GTF2H2	0.574912915010608	0.768861812054874	1.65426332131946	0.464775953227096	0.642091909915661	0.935507377393223
HTT	0.555483119292179	0.768057815289945	1.592774420276	0.482213805993227	0.629654070308678	0.935507377393223
YPEL5	3.44770873082725	0.767751363129074	0.841782163090609	0.912054682069135	0.361739932757092	0.935507377393223
ZMAT5	0.546997320705728	0.765044111014857	1.59072395480688	0.480940837474053	0.630558547516354	0.935507377393223
SUN1	0.551745436669954	0.764521025542387	1.60458820307584	0.476459333352241	0.633747172703094	0.935507377393223
ABCF3	0.585891498251592	0.764490405915162	1.66016369790527	0.460490978618412	0.645163845389833	0.935507377393223
LRPAP1	1.74205800059179	0.763262962120219	1.0712392423001	0.71250466934108	0.4761523210418	0.935507377393223
USP10	1.21007923367814	0.762971791809279	1.22680359997664	0.621918448742573	0.533995493460139	0.935507377393223
GRPEL1	1.73104902588464	0.76192133022617	1.02572199264239	0.742814657082043	0.457593900373649	0.935507377393223
ZNF664	0.54205190728305	0.76096427083299	1.55923424620406	0.488037171249637	0.625523512277115	0.935507377393223
RPL4	57.6558913416295	0.760434352576963	0.298241917603996	2.54972325381392	0.0107808460217939	0.935507377393223
NDUFA3	2.1844697054281	0.75925068613921	0.831807652854249	0.912771941366411	0.361362498260287	0.935507377393223
METRN	1.66945009503568	0.758581953130097	1.35025515337794	0.561806375063521	0.574247948125733	0.935507377393223
SHB	0.558503715820991	0.758564395100475	1.56922855244691	0.48339956210817	0.628812059057063	0.935507377393223
POLE3	1.77572792330417	0.757855205642012	0.966386769230438	0.784215212554612	0.432913840310431	0.935507377393223
C3orf38	0.578724807435073	0.757133992847442	1.62221398986973	0.466728802473367	0.640693920123203	0.935507377393223
NME2	0.523916611018298	0.756542707023511	1.60933968932076	0.470095103006389	0.638287072678965	0.935507377393223
COPS6	4.02599728014598	0.75648543155602	0.750520940030451	1.00794713539282	0.313479841620204	0.935507377393223
ELOVL5	0.578669279301573	0.755634678181694	1.66407189534394	0.454087759246433	0.649765663208991	0.935507377393223
DUSP3	0.543176678626454	0.755038806010105	1.56848243861228	0.481381740351602	0.630245211807807	0.935507377393223
SPECC1	0.572336982019527	0.754619590507445	1.66746730998476	0.45255435353293	0.650869674083168	0.935507377393223
PCGF5	0.556433563256184	0.75423897898931	1.59261607623083	0.473584933774077	0.635795921322392	0.935507377393223
MED15	0.570419504746631	0.754088471756039	1.61094624517553	0.468102814736611	0.639711066486294	0.935507377393223
TRAPPC6A	0.55818369522508	0.754008967101016	1.64985326553979	0.457015773978132	0.647659707704238	0.935507377393223
TSC22D1	0.587939134671713	0.753580570652713	1.63649514398507	0.460484452656334	0.645168528547355	0.935507377393223
SNRPF	8.4358246582884	0.752733721903229	0.553623480111696	1.35964920012309	0.173940960850949	0.935507377393223
CDS2	0.560498110554082	0.752634554451471	1.60532148990555	0.468837276012392	0.63918595331147	0.935507377393223
TOMM70A	0.577886145486791	0.752191956555338	1.57569631234619	0.477371147385206	0.633097855986072	0.935507377393223
STIP1	4.65755419736957	0.751736157862544	0.757076067291752	0.992946667237402	0.320735945763941	0.935507377393223
CHCHD3	6.21484735902202	0.751117687276118	0.698082814693467	1.07597217904002	0.281939698991517	0.935507377393223
CCNH	0.572899091047982	0.74947414302583	1.63418892590259	0.458621479528069	0.646506009202944	0.935507377393223
SYS1	1.16031624179159	0.748113297351438	1.1314711222052	0.661186381755275	0.508492793584722	0.935507377393223
MARCKSL1	1.7603711989446	0.748040488585144	1.59237767532926	0.46976323530187	0.638524183668292	0.935507377393223
ATP5H	3.95807000615521	0.747046790942902	0.726358860329169	1.0284816937517	0.303723297648783	0.935507377393223
SRSF3	5.26283461298371	0.747013544866981	0.843524511436841	0.885586055578319	0.375840628458292	0.935507377393223
C9orf142	1.15661325811896	0.746472336462612	1.20204344355797	0.621002793587143	0.534597785112292	0.935507377393223
KIF1C	0.575110461095129	0.745628281985069	1.64698392276925	0.452723473299828	0.650747874760136	0.935507377393223
ADPRHL2	1.19175297247523	0.745468404277137	1.19615599697834	0.623220053371214	0.533139925542184	0.935507377393223
EIF2B1	1.22562906513697	0.745427892838019	1.18501878380102	0.62904310296839	0.529320838033156	0.935507377393223
DFFA	2.90887567293013	0.744232102702166	0.93867210122483	0.792856314501146	0.427861541951785	0.935507377393223
BRAP	0.587617977318222	0.742905007264339	1.59727357777396	0.465108180340458	0.641853988152729	0.935507377393223
ARF1	4.69830367321839	0.742393758872551	0.706151614081029	1.05132346095206	0.293110055442224	0.935507377393223
DESI2	0.576952929203451	0.741510209410961	1.51823015074493	0.488404349661437	0.625263461540389	0.935507377393223
B2M	3.61694446273042	0.741366842038717	1.13105750754326	0.655463437618676	0.512169419324203	0.935507377393223
GLA	4.09740222214271	0.740850478218109	0.784573381872584	0.944271747341059	0.345030799539531	0.935507377393223
ALDOA	29.670997757994	0.740604435451161	0.618741162405199	1.19695355740072	0.231324657231465	0.935507377393223
CISD1	2.36420880856482	0.740343743144829	0.940091598454292	0.787522986443139	0.43097577778823	0.935507377393223
SART1	0.606313496912321	0.739584862075461	1.68508991947879	0.438899345089086	0.660734471295078	0.935507377393223
CRLS1	0.568667015360043	0.739574389212021	1.57947365685841	0.468241040931978	0.63961222596948	0.935507377393223
HK1	0.579742248143383	0.739518859758129	1.67378938994095	0.441823125539242	0.658617202815092	0.935507377393223
UBE2E1	1.73462976721964	0.739338246308024	1.02503368045976	0.721281905562757	0.470736087414093	0.935507377393223
JKAMP	1.20311801155147	0.7388708084465	1.14401878200311	0.645855487750628	0.518372948972804	0.935507377393223
VAPB	3.02788651931128	0.737585163317395	0.894205460783303	0.82484976402547	0.409456889916878	0.935507377393223
RNF11	1.81001667475061	0.736922405866958	0.999771681650593	0.737090697198306	0.461067196032081	0.935507377393223
TMEM263	0.587507849410067	0.736884555033773	1.65906110562063	0.444157573544054	0.656928663739753	0.935507377393223
MT-ND3	20.39704588128	0.735055947701802	0.717355788776661	1.02467417033788	0.305516954572162	0.935507377393223
DECR1	1.17612854262222	0.734383848750386	1.22485666795723	0.59956717219425	0.548794730697524	0.935507377393223
RPL3	76.7295981385382	0.73253208902368	0.282911218024701	2.58926490839866	0.00961810715714564	0.935507377393223
MPLKIP	1.20410878618173	0.72994108406951	1.24640651277426	0.585636448934144	0.558119849032179	0.935507377393223
CLPTM1	1.78831353997317	0.729509033310204	0.974037975784187	0.748953379074244	0.453885305582303	0.935507377393223
RANBP2	0.610650251624279	0.729492700148427	1.64421972690685	0.443671054549849	0.657280425674044	0.935507377393223
SPTSSB	0.532799028579398	0.729413821718874	2.78820683546048	0.261606783414406	0.793624613704102	0.935507377393223
CSK	0.554427295697125	0.7292640382025	1.54183744208755	0.472983738944051	0.636224780523523	0.935507377393223
RP11-234A1.1	1.64260513924483	0.729101996027954	0.912917687426609	0.798650312147192	0.424493205595803	0.935507377393223
MRPL55	4.60517878136073	0.72889574620842	0.714041560179012	1.02080297122437	0.307347796427835	0.935507377393223
GABARAPL1	3.00205346292193	0.728493758555506	0.935392224942488	0.778811004763587	0.436091054191998	0.935507377393223
UHMK1	0.606005982057068	0.727554214731143	1.60749438862463	0.45260140245568	0.650835788716843	0.935507377393223
MYLIP	0.639622218057066	0.725623328116858	1.8812047948391	0.385722665659546	0.699702074689201	0.935507377393223
FGF12	0.569684702266978	0.725239698455884	1.61112122670576	0.450145952045318	0.652605204736986	0.935507377393223
NPEPL1	0.564264564988269	0.724648800323842	1.59673551334287	0.453831454407086	0.649950142367969	0.935507377393223
C14orf119	1.81638640604832	0.723458164531464	0.988297586393912	0.732024619397493	0.464153541168846	0.935507377393223
RBM4B	0.586895934951429	0.722788288367677	1.60085817085002	0.451500514866906	0.651628854049437	0.935507377393223
VKORC1L1	1.15790909673206	0.722762304844285	1.11161848454794	0.650189174515399	0.515570032845733	0.935507377393223
H3F3A	5.2996255055471	0.722276957042422	0.703767538372893	1.02630047232972	0.304749974722316	0.935507377393223
FAM3A	1.16508302909564	0.722236985173048	1.1282640296534	0.640131180460406	0.522087319330956	0.935507377393223
PABPN1	1.81113193277293	0.721179249458256	0.962430468950779	0.749331274023847	0.453657562587379	0.935507377393223
PDE8A	0.591364254085684	0.72043789447519	1.61973502154139	0.444787502211072	0.656473326968558	0.935507377393223
SEZ6L2	2.80801204882681	0.72038453649244	0.826124467182775	0.87200484322789	0.38320573539309	0.935507377393223
DDX27	4.18479052729402	0.720035757324945	0.833228759505431	0.864151349927393	0.387504753555872	0.935507377393223
SSR1	1.78162229608065	0.71986012867807	0.954608761143245	0.754089170327707	0.450795679799619	0.935507377393223
RP1-313I6.12	0.631519641217414	0.718965992935054	1.87984642147735	0.382459963069764	0.702120220536158	0.935507377393223
TOMM20	5.76422315549555	0.717728036448648	0.558436693917304	1.28524512136542	0.198706640635013	0.935507377393223
PRPS1	1.20844973388525	0.717517075767835	1.22048521303044	0.58789493564306	0.55660281594607	0.935507377393223
STAG3L2	0.613508765554179	0.71669419136843	1.58887649105079	0.451069793911075	0.65193924726844	0.935507377393223
EBNA1BP2	4.09744651487984	0.716246449221989	0.813836667745635	0.880086235492466	0.37881259515002	0.935507377393223
DNAJB14	0.617415571039044	0.714845270615157	1.6197316896959	0.441335608337308	0.658970051054063	0.935507377393223
CD44	0.569169707839737	0.712726388378114	1.76528987773049	0.403744675233971	0.686400483680344	0.935507377393223
ABRACL	1.80633545098138	0.711328449172745	1.02873652200183	0.691458341333663	0.48927755157175	0.935507377393223
DHRS4L2	1.20747418717512	0.710588249670003	1.23628732164496	0.574775974184156	0.565442817632633	0.935507377393223
PSMA2.1	4.15922215379434	0.708873446613293	0.770722995415883	0.91975126060795	0.357702758492815	0.935507377393223
SLU7	1.8727200106426	0.708684463748512	1.03466089547983	0.684943701694511	0.493379447507108	0.935507377393223
DPCD	3.46790338803811	0.707718288133769	0.788276941192807	0.897804123336225	0.369289986022394	0.935507377393223
WDR55	0.62665432688888	0.706875397476185	1.59468561892199	0.443269437617451	0.657570859118219	0.935507377393223
SDF2L1	6.81286483793408	0.706333114488125	0.858200367981437	0.8230398643961	0.410485324131326	0.935507377393223
RAD23B	6.62541211373991	0.706222871152646	0.63851974792129	1.10603136935352	0.268712942000646	0.935507377393223
ACP1	9.25064715386275	0.705986338206249	0.600054227998311	1.17653756154892	0.23938013180624	0.935507377393223
ZNF131	0.617409986289163	0.705236160479922	1.61262886642667	0.437320808998424	0.661878706231991	0.935507377393223
FAM120AOS	4.77132883742362	0.705033371065079	0.698715398711848	1.00904226866172	0.312954363156076	0.935507377393223
CCDC124	1.75633358694728	0.704974542435784	0.985292006141426	0.715498083859003	0.474301324442214	0.935507377393223
PCYT2	0.573903051683282	0.701967990407497	1.6426413622139	0.427340992717612	0.66913097933116	0.935507377393223
ADCK2	0.587254988978717	0.70187421223614	1.64124761594327	0.42764675203062	0.668908322575723	0.935507377393223
PGRMC1	2.4209056011771	0.701834285927311	0.984527400927329	0.712864147068179	0.47592982677549	0.935507377393223
EIF2S1	2.46959594750754	0.699734649371919	0.991867618346502	0.705471815420706	0.480516665711171	0.935507377393223
RUSC1	0.571323074025395	0.699293009828767	1.65103604871552	0.423547996043336	0.671895488306435	0.935507377393223
RBM14	0.600104091729198	0.699265107552403	1.65868121983632	0.421578962364695	0.673332364535095	0.935507377393223
HSCB	1.19762469502087	0.699176936761657	1.13239497397849	0.617432038138786	0.536949795388894	0.935507377393223
EXOC5	0.61453972580553	0.69852168668191	1.61143156944713	0.433478963628325	0.664666845473335	0.935507377393223
PHYH	0.604976562180173	0.697932580215345	1.63684156080857	0.426389821059148	0.669823817277447	0.935507377393223
FKBP8	4.06258780616238	0.697431286352171	0.658401216862987	1.05928006888436	0.289472249235402	0.935507377393223
DNAJC4	0.570327358884708	0.697316493082993	1.57695503788394	0.442191740621024	0.658350462303765	0.935507377393223
EPN1	1.73981204973535	0.69680217694433	0.912872803461045	0.763306973657766	0.445280344098871	0.935507377393223
RABL6	1.84544128782375	0.694615943764542	0.98451612887491	0.705540441026942	0.480473973993639	0.935507377393223
ENDOG	1.16202417603231	0.694371980726512	1.17067493862935	0.593138161426343	0.553088693196646	0.935507377393223
NDUFA10	2.40455844772418	0.693909831112882	0.886021676781324	0.783174779237533	0.433524483165524	0.935507377393223
SERTAD3	0.573992420783441	0.693050416836007	1.58424087905708	0.437465303413015	0.661773933540841	0.935507377393223
RPP25L	0.591681131597	0.692068174744018	1.55385896762343	0.445386736611311	0.656040295585202	0.935507377393223
USP7	0.625853494135875	0.691216883486805	1.62755065658004	0.42469761582675	0.671057122047214	0.935507377393223
EMC8	4.77888325084407	0.690689957150739	0.654173396211725	1.05582092018795	0.291050038550203	0.935507377393223
SLC39A4	2.33158441335999	0.690194288471179	1.02461685770092	0.673612075854252	0.500557973755946	0.935507377393223
SPPL2A	1.84783588935877	0.690142652585573	1.00667845099294	0.685564146033771	0.49298799740025	0.935507377393223
MRPS2	2.38225988533963	0.688646808145855	0.863156676603139	0.79782364756298	0.424972836342629	0.935507377393223
ETFB	1.74835231352827	0.68832210389778	1.07904904837201	0.637896956525073	0.523540759053622	0.935507377393223
MEF2BNB	1.79341056202886	0.687492584415702	0.968251887759575	0.710034850545431	0.477682524907266	0.935507377393223
RAD51C	1.82636668581294	0.687245720257936	1.08208739155509	0.635111106202136	0.525355954077685	0.935507377393223
PTPN2	0.602424128943436	0.684859393269881	1.56044421439466	0.43888745714345	0.660743085562693	0.935507377393223
RPSAP58	2.32184131489276	0.684815880713426	0.803773534572508	0.85200103170559	0.394213519433027	0.935507377393223
SMC3	0.636336312095681	0.684584018245915	1.71101574523946	0.400103868214319	0.689080015244995	0.935507377393223
ACTR10	1.23162316464636	0.683511285765882	1.20331548700341	0.568023343128421	0.570019117570411	0.935507377393223
MRPL40	1.19905725572192	0.682836865130871	1.18633063483221	0.575587315274421	0.564894156935553	0.935507377393223
GTF2H1	0.614823136243933	0.682175575429696	1.61932502948686	0.421271556363126	0.673556797793732	0.935507377393223
RAP2B	0.637026670717453	0.681675009683493	1.74816104714765	0.389938335942065	0.696582145294967	0.935507377393223
MTFR1L	0.585329002113456	0.680408036761048	1.53578188907884	0.443036893193966	0.657739049667247	0.935507377393223
TM2D2	1.84270014544066	0.678765201176352	0.980427755420755	0.692315366862555	0.488739301844887	0.935507377393223
LY6E	1.229570849617	0.67872881206668	1.37334135791297	0.494217121006334	0.621152849580256	0.935507377393223
KIF22	0.589300145686337	0.677721611139068	1.60816345539989	0.421425825132025	0.673444164469893	0.935507377393223
CCDC107	1.16865521294913	0.677559586571831	1.20704946103685	0.561335395477341	0.574568916457416	0.935507377393223
MRTO4	1.25199433203417	0.677462830937677	1.23456727683078	0.548745170596755	0.583180342483994	0.935507377393223
SAFB2	0.612926044394884	0.677446355386499	1.71023469457328	0.396113093446234	0.692021599496272	0.935507377393223
IAH1	1.33413037949276	0.67680476091792	1.31353482629007	0.515254523421718	0.606375173034608	0.935507377393223
TRAPPC6B	1.25569376426989	0.676528140347868	1.15264842393055	0.586933644554769	0.557248272635956	0.935507377393223
RNF41	0.592995511283814	0.675514347956241	1.58684709568249	0.42569592860849	0.670329429159575	0.935507377393223
PDCD6	5.92879578665347	0.675409688609912	0.592540516330792	1.1398540184092	0.25434712439145	0.935507377393223
CORO1B	1.81464989764666	0.674825190138439	1.00261795151	0.673063143465681	0.500907120447084	0.935507377393223
PCSK1N	5.83112669610311	0.674730174469527	0.732421160716874	0.921232496626831	0.356929055437739	0.935507377393223
AHCYL1	1.27973252717968	0.674629756503181	1.18774739980293	0.567990935290714	0.570041123080714	0.935507377393223
YME1L1	1.87103590871246	0.674517072451921	0.971757308041335	0.694120915654826	0.487606382868848	0.935507377393223
PCBD2	0.586225499740561	0.671136847107247	1.55119056670322	0.432659185475597	0.665262385124441	0.935507377393223
TSR2	1.895545392698	0.671073932606453	1.09034308321941	0.615470435805397	0.538244087793961	0.935507377393223
ATP5O	4.70184314703229	0.670930826867733	0.666272249534483	1.00699200264832	0.313938617362581	0.935507377393223
BLOC1S4	1.2069624536891	0.670616129413344	1.150296575077	0.582994111208627	0.559897264473593	0.935507377393223
TNPO1	1.28275556958719	0.670392132425698	1.17494106705414	0.570575113274857	0.568287692253739	0.935507377393223
BUB3	3.02283561388792	0.669530731368602	0.964037783301539	0.694506732999262	0.48736447985966	0.935507377393223
POLR1D	10.6560073001918	0.669051257773675	0.443410376700329	1.50887595990078	0.131330484367044	0.935507377393223
FHL2	1.2286163909875	0.668796442916003	1.55767575840669	0.429355364430978	0.667664631603407	0.935507377393223
FUNDC1	0.595852767127862	0.668286328358781	1.60392831060737	0.416655983898505	0.676930053961552	0.935507377393223
CAP1	3.11305820217413	0.668220623676889	0.884395025557684	0.755568048627954	0.449908218719084	0.935507377393223
NDUFAB1	13.036351464243	0.667913967170413	0.535308937271914	1.24771682418435	0.212134777851991	0.935507377393223
ZNF271P	2.45461744120713	0.667230684118038	0.900357650180397	0.741072932500047	0.458649220390745	0.935507377393223
BEX2	2.46340306595927	0.66650131099693	0.976397544291818	0.682612645733705	0.49485164120274	0.935507377393223
TMEM41B	0.626905387914127	0.665776008206141	1.56247825398355	0.426102575513446	0.670033103571723	0.935507377393223
MSANTD3	1.80302344801564	0.665476945910119	0.980261847918838	0.678876717810626	0.497215978812008	0.935507377393223
DSG2	0.60369656708883	0.665443572857122	1.67872555525362	0.396398071605331	0.691811388463573	0.935507377393223
RP11-864N7.2	4.08510515675397	0.665339926868406	0.671219024504806	0.991241163581831	0.321567834933437	0.935507377393223
OAZ1	23.6583572056034	0.665137571021854	0.514686693930689	1.29231545883217	0.196247920567057	0.935507377393223
PRPF6	3.15365413260862	0.663842928931961	0.820679385956492	0.808894362758071	0.418575911752425	0.935507377393223
SDHB	1.8606075828776	0.663677652947298	0.946205185952845	0.701409866274367	0.483047266487351	0.935507377393223
GPATCH2	1.31479064946827	0.663499426484903	1.31184128603248	0.50577721066516	0.613013058552032	0.935507377393223
PLAA	0.646782270179911	0.661756340709391	1.59377593160533	0.415212908907989	0.677986049637645	0.935507377393223
RPS23P8	1.71517391164281	0.661733189677741	0.882966556920809	0.749443095540809	0.453590184350394	0.935507377393223
GGCX	0.591648882961797	0.659429687131455	1.55639099331719	0.423691533787401	0.671790790326956	0.935507377393223
MXD4	4.6167230609836	0.658857074104231	0.676170869718707	0.974394348544357	0.329860774465129	0.935507377393223
GAL	1.2099098180696	0.658743568865147	1.92037800458371	0.343028074312872	0.731577339861695	0.935507377393223
ANKRD11	6.25930121214183	0.657687547025453	0.845140033145008	0.778199495032804	0.436451414467799	0.935507377393223
COX7A2L	8.34428365655218	0.65746035766965	0.483017914445185	1.36115108365046	0.173465949006894	0.935507377393223
CKS2	3.67499077062319	0.657181264601618	0.856262000010358	0.76750020974149	0.442784168536079	0.935507377393223
GRN	2.46823059672977	0.656608936281095	1.02761831986507	0.638961882625169	0.52284772908458	0.935507377393223
NDUFB1	1.75341247865757	0.655495394922798	0.937412064437834	0.699260677123778	0.484389136851169	0.935507377393223
SAMM50	0.614850236932506	0.654344606400999	1.59203190946476	0.411012243228836	0.68106355722688	0.935507377393223
LMBR1	0.590172026052878	0.652758287358028	1.53921584134654	0.424084959252357	0.671503854195189	0.935507377393223
MTCH2	3.67849599638298	0.651935779339498	0.747472700837956	0.872186741547409	0.3831065112901	0.935507377393223
RAB5C	4.22895273736003	0.65170258953313	0.671123797551018	0.971061660920447	0.331517574098142	0.935507377393223
LIMCH1	0.642660359215312	0.650205960641638	1.73165760256222	0.37548182716928	0.707302159265288	0.935507377393223
MT-CO3	89.6184658884625	0.649869521424018	0.614237318859235	1.05801048140637	0.290050663916265	0.935507377393223
VIMP	7.93787836434301	0.649853551840387	0.673803739458368	0.964455246809355	0.334817735350358	0.935507377393223
JAGN1	2.47216541813127	0.649538268978953	0.836870231111889	0.776151719623195	0.437659409097317	0.935507377393223
TRAP1	0.621926422032669	0.648702463724501	1.7314440679414	0.374659785860583	0.707913503512084	0.935507377393223
SPATS2L	3.1208572705546	0.648514552499461	1.05734083046759	0.613344849467951	0.539648344098904	0.935507377393223
CHMP5	3.75479835854642	0.648057147283069	0.789323718441246	0.821028346345464	0.411630122178663	0.935507377393223
GOLGB1	1.31245758377149	0.64761497151274	1.34901264493764	0.480065901489512	0.631180533527232	0.935507377393223
SEC61B	22.1391214353145	0.646571345586385	0.464795312426864	1.39108835287173	0.164198636304271	0.935507377393223
BLVRA	1.21477589263157	0.646537328329013	1.23669701772688	0.522793634222056	0.601117870001282	0.935507377393223
CYBA	5.41370137775187	0.646267084526926	0.995019895916098	0.649501670448428	0.516014167079274	0.935507377393223
NBPF1	1.22570317898195	0.643649704474107	1.17931796878178	0.545781308783915	0.5852162729558	0.935507377393223
TMEM57	0.645567685803914	0.642780057823294	1.62010597529689	0.396751859214334	0.691550453929154	0.935507377393223
BCAS2	7.52880283755597	0.641255923554181	0.855714178216636	0.749380973084495	0.453627615640468	0.935507377393223
CECR5	0.628713471110844	0.640814186435962	1.57630917761301	0.406528234141439	0.684354515949549	0.935507377393223
ZNFX1	0.642348220774114	0.640208246139006	1.61319613843222	0.396857041054655	0.691472884575192	0.935507377393223
ASL	0.605678174085952	0.639620881912393	1.71079724937953	0.373872989417286	0.708498812871375	0.935507377393223
GSK3B	1.27515536057883	0.639181941931897	1.14802047522306	0.55676876477983	0.577685427447051	0.935507377393223
GLUD1	0.636824783037607	0.637712433450556	1.63904710593017	0.389075110253557	0.697220584879765	0.935507377393223
ZFP36L1	1.28248031051851	0.637625697134772	1.31302096642863	0.485617300437398	0.627238527981724	0.935507377393223
NDUFC2	9.72356054064503	0.637524199499451	0.641264030928574	0.994168031811004	0.320141068825038	0.935507377393223
NUBP1	0.618422909346274	0.636571899325853	1.55909751816694	0.40829511426218	0.683057025791926	0.935507377393223
ABHD3	0.646137494182554	0.63574428829603	1.65828475985883	0.383374619175872	0.701442019372158	0.935507377393223
ACTR6	0.620698776560698	0.635424128612372	1.61832828091969	0.392642293967243	0.694583697115948	0.935507377393223
GRINA	2.45862138873212	0.635110577449827	0.875228570303586	0.725651103036467	0.468052684522857	0.935507377393223
C9orf116	0.604172722976081	0.634577224321529	1.63861599384591	0.387264146514367	0.698560665608217	0.935507377393223
EXOSC4	2.51570138592128	0.634263571132651	0.893301589744736	0.710021764669527	0.47769063956499	0.935507377393223
RBM25	2.64886266817862	0.63404380366225	1.03791509614384	0.610882148277741	0.541277603919545	0.935507377393223
MAPK9	1.25155479001694	0.633626980836317	1.15170119263213	0.550166123721908	0.582205436563195	0.935507377393223
CTB-89H12.4	0.674925871447968	0.633118437011198	1.69882870885923	0.372679384160124	0.70938708191517	0.935507377393223
HNRNPD	0.644476584719501	0.632101153897826	1.69754233548015	0.37236252709953	0.709622950185305	0.935507377393223
PSMA6	0.656785155846588	0.631610277901508	1.63482798250072	0.386346627695572	0.699239972162305	0.935507377393223
INO80E	0.607478028932251	0.631434352876471	1.59043584946149	0.397019693117626	0.691352938538293	0.935507377393223
TKT	3.70093389179536	0.630508359512941	0.921971905828312	0.6838693842265	0.494057648225673	0.935507377393223
SRP14	25.4650345385851	0.630388228580816	0.484736885624215	1.30047505621331	0.193438200014604	0.935507377393223
LARP1B	0.614844037213603	0.63003325197114	1.58456465207953	0.397606529430216	0.690920246733296	0.935507377393223
MTIF3	1.87124306093361	0.626601671922572	1.01478653013277	0.617471412278788	0.536923831814094	0.935507377393223
GOLGA3	0.650780541806845	0.6264038446919	1.66450496967567	0.37633041420955	0.706671271122825	0.935507377393223
CLN3.1	0.600116515005618	0.626115250765283	1.60409867486804	0.390322154475186	0.696298343040393	0.935507377393223
TNIP1	1.90343879049994	0.625707224482612	0.989269519729777	0.632494190919303	0.527064003155667	0.935507377393223
MT-CYB	104.422547944846	0.624955290760542	0.61786021707014	1.01148329912556	0.311785170494696	0.935507377393223
SNX8	0.610523598084716	0.623667478955035	1.58926207522264	0.392425823706681	0.694743608582082	0.935507377393223
ATP5B	7.34423747112082	0.623648952716698	0.716919143491532	0.869901380620706	0.384354300911746	0.935507377393223
CNPY3	1.23810698360964	0.623295435343363	1.16162731424079	0.536570918832719	0.591564036443383	0.935507377393223
BTBD10	0.64912413307711	0.623274879982543	1.70750733200553	0.365020324246855	0.715096234922503	0.935507377393223
FAM32A	3.17686003435119	0.622961993802202	0.79408633933919	0.784501587472979	0.432745850814719	0.935507377393223
ALKBH5	1.30166064519355	0.622495871590652	1.13528893959051	0.548314926608183	0.583475679903579	0.935507377393223
C1orf131	0.657620535175623	0.622064052831603	1.60262468640969	0.388153295095681	0.697902593871396	0.935507377393223
FAH	0.603747005656233	0.620720566885119	1.55800564001561	0.398407137267422	0.690330097678135	0.935507377393223
NAP1L4	1.30816361317509	0.620231318951996	1.17214262844082	0.529143215085546	0.596706104960852	0.935507377393223
EXOSC6	0.656743153545884	0.619876671468304	1.67354321726708	0.37039776748674	0.711086136997657	0.935507377393223
PTP4A2	5.62319813947351	0.618087730864808	0.660212027294257	0.936195805759422	0.349172382290568	0.935507377393223
ATF6B	3.19078245508741	0.617991839588478	0.919579147721719	0.672037682802583	0.501559707022012	0.935507377393223
CYHR1	0.613963602863729	0.617956236524672	1.55597628429156	0.397150164024529	0.691256729751452	0.935507377393223
RPRD1A	0.642786571014351	0.617531452630691	1.56191082568101	0.395369212170895	0.692570427193496	0.935507377393223
PRMT1	3.7764384405591	0.616926075780698	0.852784576860637	0.72342546115432	0.469418533297846	0.935507377393223
C1QBP	4.95729937137358	0.616780657270567	0.697398108315515	0.884402538401386	0.376478953181478	0.935507377393223
SH2D3A	0.626658272420107	0.616370229501724	1.70307922849591	0.361915182328939	0.717415414088788	0.935507377393223
LIMD2	0.615267007207471	0.614855955728234	1.76548292731598	0.348265024948717	0.727641157689422	0.935507377393223
TFG	5.66529433660332	0.614071343393568	0.744434675755185	0.824882778022974	0.40943814470969	0.935507377393223
MTFMT	0.633448017412475	0.613266108156241	1.57144532573957	0.390256089799127	0.696347189409594	0.935507377393223
MPV17L2	0.614005383253789	0.611597454841658	1.58134516761584	0.386757722075157	0.698935578997352	0.935507377393223
SCYL1	1.30249082081921	0.610527550131376	1.13469490100859	0.538054370023785	0.590539513173126	0.935507377393223
SAT1	21.9632964937369	0.610250299331721	1.22287483317916	0.499029240584849	0.617758784721405	0.935507377393223
TAF11	2.49763404101171	0.610048171448483	0.797363624066542	0.765081517435229	0.444223004930825	0.935507377393223
CPSF4	0.633546274138184	0.608722623776248	1.54849307213533	0.39310645603137	0.694240855948971	0.935507377393223
BYSL	0.632048611448307	0.608540068491393	1.68780299366956	0.360551599193652	0.718434676961377	0.935507377393223
CD99	5.57449105603061	0.60852683326979	0.73844195392113	0.824068608288721	0.409900575737703	0.935507377393223
RPS15	70.7579115776097	0.607365985957047	0.325384540162253	1.86660984462932	0.0619560918137914	0.935507377393223
MRPS5	2.55996620857995	0.606974464165293	0.876822651600198	0.692243138401553	0.488784652178383	0.935507377393223
PHB	10.6414155197417	0.605597274231313	0.549297001371309	1.10249513964113	0.270246470364612	0.935507377393223
COIL	1.33110542031781	0.60504807081218	1.1538111794367	0.52439088959735	0.60000669178591	0.935507377393223
CDK9	0.672876982381262	0.604887506316761	1.61351373670186	0.3748883523937	0.707743501854863	0.935507377393223
XPOT	0.659042710811373	0.604843872611447	1.59557526970362	0.379075737820752	0.704631622538427	0.935507377393223
TOP1	4.54617724605138	0.604398634688618	0.957969529024173	0.630916345851087	0.528095223444265	0.935507377393223
ATG13	0.634000865996393	0.604117200445082	1.56353775477128	0.386378390033477	0.699216452144066	0.935507377393223
UBE2D2	11.2164766637054	0.60338524003478	0.569529482250716	1.0594451364489	0.289397102779281	0.935507377393223
C17orf89	4.32940528597389	0.6033776238268	0.792741471371057	0.761127865284064	0.446580698257947	0.935507377393223
NIT1	0.62805122451837	0.602952245945232	1.5716244417826	0.383649063933709	0.701238569840473	0.935507377393223
ERRFI1	2.60515083569544	0.6021800217253	1.35609526479556	0.444054365027285	0.65700327899405	0.935507377393223
TXLNG	0.675276715858708	0.601551907233617	1.62332136426189	0.370568588867885	0.710958881328023	0.935507377393223
OBFC1	0.624524844835814	0.601228270889107	1.58671034141274	0.378914950761459	0.704751021533853	0.935507377393223
CHMP1A	2.59885763633791	0.600453083650794	0.87937593966109	0.682817275944811	0.494722311718493	0.935507377393223
AP2M1	4.35966300810512	0.599692238964308	0.758543021782732	0.790584346231158	0.429186584487597	0.935507377393223
BAG6	0.638221034516178	0.598024377359591	1.59562695626998	0.374789592899311	0.707816954731335	0.935507377393223
SF3A1	0.634538881445234	0.594734714227317	1.57723463554987	0.377074343171507	0.706118357475867	0.935507377393223
PSENEN	1.92809483171235	0.594567424315326	1.00309269898444	0.592734275623065	0.553358999057596	0.935507377393223
RPL23	31.7562203668035	0.594396924701756	0.319625860183289	1.85966468533209	0.0629329813407683	0.935507377393223
HRAS	1.9328841371127	0.59357506669712	0.980097097606617	0.605628838353488	0.544761247981079	0.935507377393223
TMEM184A	0.637865013381273	0.593088229967343	1.69464835317515	0.349977167154539	0.726355833326934	0.935507377393223
SMG1	0.671438004750268	0.592732575246354	1.61338285803624	0.367384946662821	0.713331898571236	0.935507377393223
TMOD3	2.62353816678244	0.591673807093901	0.87625431988363	0.675230687789908	0.499529212473769	0.935507377393223
DTNBP1	0.673502168208819	0.591352096074037	1.64332598056187	0.359850755765359	0.718958744566137	0.935507377393223
TANGO2	0.644320892201965	0.590792448761929	1.62677665560943	0.363167523165989	0.716479746546942	0.935507377393223
ECSIT	1.25982315751117	0.590232193150698	1.13719322073975	0.51902542363623	0.603743012266107	0.935507377393223
POLDIP2	2.57040176817219	0.588834747576536	0.868163257100349	0.678253476820978	0.497610990995311	0.935507377393223
MRPL9	8.84913516712783	0.588648969674284	0.603320032678403	0.975682784907726	0.329221685812434	0.935507377393223
LURAP1L	1.88731333639903	0.587823792049123	0.99090928944626	0.593216552019217	0.553036236768222	0.935507377393223
FGFR1OP2	0.650249352323317	0.587574567162973	1.5433072358443	0.380724300072063	0.703407835619031	0.935507377393223
EIF5B	3.93453720954811	0.5865036962528	0.769105986066319	0.762578509176011	0.44571480532113	0.935507377393223
TUBB4B	11.3146699399366	0.585082966708869	0.873807917847187	0.669578467714445	0.503126544121455	0.935507377393223
RSBN1	1.31859112471285	0.584141645172239	1.14834453553603	0.508681521177416	0.610975477004933	0.935507377393223
ATP5S	0.646796175548625	0.584091114587457	1.61690827103378	0.3612394871442	0.717920425795454	0.935507377393223
KIAA0368	0.668181207723157	0.583346944046478	1.61354901535867	0.361530352343718	0.717703019258694	0.935507377393223
PAFAH1B3	1.23048113495235	0.582755157137232	1.14383080647829	0.509476710923234	0.610418118529825	0.935507377393223
KDF1	0.642223738417117	0.581723206903675	1.58599481214545	0.366787584958586	0.713777468976479	0.935507377393223
SCP2	0.651639790595873	0.580904912204705	1.55672045740207	0.373159425921689	0.709029792085174	0.935507377393223
FAM210B	1.26912698695953	0.580070260379093	1.20588879036921	0.481031306544852	0.63049424859348	0.935507377393223
DBNDD1	2.53266029662353	0.579636330727038	0.855236443552499	0.677749802521665	0.497930343447159	0.935507377393223
NDUFB9	36.2702128722833	0.579245083812757	0.542290713684522	1.06814494365421	0.285455135200883	0.935507377393223
MTF1	0.694525066169451	0.578836361087261	1.5876734307931	0.364581500112471	0.71542382645855	0.935507377393223
UNC50	0.648540306869141	0.578753691221245	1.55423842663793	0.372371240668129	0.709616463436057	0.935507377393223
NSD1	1.36660463842217	0.575959996438021	1.19283843585334	0.482848287853824	0.629203461657474	0.935507377393223
EDF1	19.4640304062012	0.575519552497237	0.507325855454802	1.13441794126834	0.25661927679315	0.935507377393223
EIF1AX	3.32296892733652	0.575508623950102	0.874445781031808	0.658141003632069	0.510447530095383	0.935507377393223
PIR	0.674857084685754	0.575503713439193	1.64346131359374	0.350177828147804	0.726205245210791	0.935507377393223
THG1L	0.630202185772377	0.575359950520846	1.55160682039251	0.370815559044332	0.710774911838781	0.935507377393223
TUG1	0.671245117649043	0.575174530388264	1.63266303956481	0.352292246746503	0.724619102122471	0.935507377393223
CFAP36	3.20988110771152	0.573696913647606	0.846912101707612	0.677398413000442	0.49815320498321	0.935507377393223
STAM	0.643876783451203	0.573301786967935	1.53722047798732	0.372947013897811	0.709187880140607	0.935507377393223
WDR41	0.663438940962778	0.572951515473999	1.60856628022805	0.356187694915978	0.721700006495762	0.935507377393223
BNIP2	0.654121998847999	0.571363425946823	1.58489044654591	0.360506574566112	0.718468340915516	0.935507377393223
NACA3P	0.610913574679807	0.57133780318842	1.5332394192176	0.372634434014206	0.709420541091158	0.935507377393223
TIMM17A	1.33150614428982	0.571180033665496	1.13869946308836	0.501607361890161	0.615943739839188	0.935507377393223
LSG1	0.666238950400463	0.57099711459105	1.65360467657075	0.345304487028415	0.729865473737495	0.935507377393223
KIAA1217	0.683703513666285	0.570947960256976	1.58979583989923	0.359132881045383	0.719495684650756	0.935507377393223
TCEA1	2.69437774672524	0.570159891954717	0.937334369355587	0.608278017530392	0.543003098054199	0.935507377393223
DERL2	1.30753017442242	0.569601428756635	1.11581893883798	0.510478366095686	0.609716367168826	0.935507377393223
APLP2	1.34745490819537	0.569420652839866	1.38893221081982	0.409970082343877	0.681827894174541	0.935507377393223
CEBPG	2.61531876744591	0.56940922600509	0.857027847022181	0.664399911838983	0.506434389274763	0.935507377393223
LEO1	0.683212909332157	0.56930838296957	1.73068395186875	0.328949940487311	0.742193525846222	0.935507377393223
SPCS1	4.47153986784928	0.56874041422368	0.764143333358916	0.744284991303516	0.456704079255193	0.935507377393223
HNRNPUL2	0.65484382910783	0.568224200372155	1.52422214463744	0.372796184841755	0.709300142558561	0.935507377393223
NUCKS1	7.21461153193456	0.568151009229081	0.705295993688133	0.805549746934058	0.420502511380357	0.935507377393223
RPL11	109.274826984647	0.567463348258605	0.308581643035459	1.83894071817292	0.0659239059502496	0.935507377393223
MRPL37	6.31418783824653	0.567344846739028	0.679035985385591	0.835515140507408	0.403427725836842	0.935507377393223
SDCCAG3	0.666769602878646	0.567234084255795	1.6166629749836	0.350867245080286	0.725687945808994	0.935507377393223
NAA30	0.657380340471351	0.567163897192994	1.5909782682956	0.356487519971338	0.7214754966518	0.935507377393223
GADD45GIP1	12.0013518557487	0.565151794585886	0.551557633342284	1.02464685541786	0.305529847476877	0.935507377393223
RAB14	1.39655437951958	0.565056733352676	1.21008428660284	0.466956508409015	0.64053099468631	0.935507377393223
MFSD5	0.615457883772184	0.564209249760642	1.52814319335395	0.369212291239752	0.71196949502549	0.935507377393223
MED10	5.92200963849625	0.562929154585169	0.778008666347577	0.723551264830871	0.469341270427328	0.935507377393223
MLLT10	0.663485560799147	0.562635007757194	1.57298698069089	0.357685737176331	0.720578507979467	0.935507377393223
DEF8	5.03003700965034	0.561766159652306	0.740462299814176	0.758669495791055	0.44805028886159	0.935507377393223
ABHD5	0.644853239958978	0.561518953437755	1.58759985334287	0.353690479534509	0.723570858241376	0.935507377393223
CENPN	1.28545546356723	0.561407665622814	1.37972403355912	0.406898518810761	0.684082523897993	0.935507377393223
WDR26	0.638293858978623	0.561223507961752	1.56223193588883	0.359244677482826	0.719412056511946	0.935507377393223
ATP5C1	7.76983931098105	0.560949804748192	0.613958036433948	0.91366147433521	0.360894753466402	0.935507377393223
PRKRIP1	1.35637208324434	0.560626438228278	1.13233292446088	0.495107424784281	0.620524293050241	0.935507377393223
PTP4A1	5.94988148972365	0.557811399951608	0.804234335960924	0.693593117092069	0.487937411398093	0.935507377393223
RPL36AL	22.2405370849922	0.555702617039771	0.430796064557918	1.28994357831479	0.197070248675082	0.935507377393223
EBAG9	0.688689044668347	0.554991729690667	1.6197734906321	0.342635394949011	0.731872770845841	0.935507377393223
JOSD2	3.83465346559034	0.554183321968055	0.776136800377893	0.714027890055244	0.475209933616024	0.935507377393223
ADK	1.35526262332904	0.553996336391461	1.21030637664974	0.457732312313336	0.647144770545151	0.935507377393223
KCNK6	0.635641719265673	0.552891786103284	1.57228050614021	0.351649584119426	0.725101074483642	0.935507377393223
XRN2	2.03942937882428	0.552193128422586	1.04533884052781	0.528243194468671	0.597330552949527	0.935507377393223
TRAPPC4	1.37369057401607	0.551538980787715	1.2539227252133	0.43985085340398	0.660045133235345	0.935507377393223
NDUFV2	0.640514455972375	0.551333830353356	1.55277526681647	0.355063506056295	0.722542015626646	0.935507377393223
DNASE2	0.649096775402746	0.550586233066578	1.5794479334307	0.348594101402669	0.727394056686997	0.935507377393223
KCTD9	0.667086486861109	0.549305178140583	1.62418268360019	0.338204060224915	0.735209416340258	0.935507377393223
ZSWIM7	0.652704285123199	0.548933916963299	1.60382743931852	0.342264949149733	0.732151510923257	0.935507377393223
ZFAND5	3.38060730190379	0.54740029932064	0.831305608670248	0.658482624935321	0.510228058186777	0.935507377393223
YWHAB	14.340952402173	0.545634254856052	0.637035814912648	0.856520531629561	0.391709921107487	0.935507377393223
GDF15	5.10870491683941	0.544848370814651	1.45275479442033	0.375044964853861	0.707627026116592	0.935507377393223
RHOC	7.69988814971781	0.544607982076117	0.780151062131758	0.698080164869582	0.485127061838337	0.935507377393223
TCTA	0.645873778384287	0.544563796193006	1.62510635801243	0.335094249990524	0.737553990216974	0.935507377393223
SBNO1	1.42616573604633	0.544109101631376	1.18672651985232	0.458495780223305	0.646596293470674	0.935507377393223
PEX11B	0.670035786819337	0.543778793530688	1.61338734350375	0.337041687924599	0.736085474321312	0.935507377393223
SERBP1	4.03576181452088	0.542840314424059	0.810679397009316	0.669611583107521	0.503105428183256	0.935507377393223
ELP2	0.692985734089956	0.542697252017377	1.73983476656872	0.31192459332657	0.755097831560501	0.935507377393223
EMC3	3.99213899373392	0.542250599457598	0.805601909630257	0.673099943005935	0.500883710181709	0.935507377393223
MXD1	0.691999664267114	0.541204183546973	1.70277666685152	0.317836269478413	0.750609137085935	0.935507377393223
NQO2	4.57640251009876	0.540877737063647	0.794096279959275	0.681123625325868	0.495793269171667	0.935507377393223
TOLLIP	0.64318421985447	0.540615908087326	1.56088599694297	0.346351949563348	0.729078231567584	0.935507377393223
C19orf24	2.62121654786148	0.540149198144344	0.835964153747124	0.646139186379201	0.518189219416557	0.935507377393223
ATG101	5.95109777431542	0.54004332294691	0.68890673267679	0.783913550748065	0.433090838005913	0.935507377393223
SLC39A1	2.01729281893498	0.539992077576318	0.987498924611874	0.546828015826505	0.584496893776911	0.935507377393223
MRPS34	5.85654533922028	0.539417651840839	0.660720484220614	0.816408246336022	0.41426668176866	0.935507377393223
STRAP	5.98134355216176	0.539256069544701	0.710526009681532	0.758953313737808	0.447880484956466	0.935507377393223
CD81	3.205898317704	0.538914612611929	0.87827179065348	0.613608017867623	0.539474383973532	0.935507377393223
SLC38A6	0.661273982570686	0.536479032588826	1.55496442182193	0.345010487095415	0.73008648669658	0.935507377393223
RABAC1	4.43914956539029	0.535948171604185	0.793649917327879	0.675295441860129	0.49948807929344	0.935507377393223
PDCL	0.663426905163109	0.535574644671626	1.6054453113834	0.333598809547817	0.738682316689915	0.935507377393223
GCSH	2.00486085128731	0.535315456944061	0.975260894459155	0.548894618850608	0.583077771281784	0.935507377393223
DDRGK1	2.01136421680356	0.534996033024099	1.00533320974603	0.532157923201655	0.594616622566807	0.935507377393223
THAP3	0.672696177206219	0.533737494565549	1.55321496337576	0.343634015349379	0.731121540273866	0.935507377393223
SIKE1	7.11829785271678	0.533503304116603	0.705557427431601	0.756144409192436	0.449562618466811	0.935507377393223
TMX4	0.670642513282384	0.53339188870828	1.61064859135424	0.331165898987192	0.740519176916452	0.935507377393223
RFNG	0.672076879156215	0.533042920859995	1.60508135425113	0.33209713604124	0.739815912637501	0.935507377393223
PSMA4	13.8233365631508	0.532911867662284	0.724943252241092	0.735108390918653	0.4622734844926	0.935507377393223
PCGF3	0.650642214350203	0.532681620803156	1.55867567255426	0.341752700823406	0.73253700781858	0.935507377393223
ARMC10	2.6314204074658	0.532361737433217	0.823182047105706	0.646712035697319	0.517818332089399	0.935507377393223
PSMG2	1.34951370405145	0.532281252028793	1.17998170920102	0.451092799047884	0.651922667403398	0.935507377393223
PSMG3	2.04375009209635	0.532169570573081	1.03035516629769	0.51649138858137	0.605511251880587	0.935507377393223
CYB561	3.44846661502014	0.532143000088775	0.920778080607877	0.577927528137361	0.563313049001112	0.935507377393223
TRMT112	20.8105069216175	0.531407971592038	0.541218000450203	0.981874163738078	0.326161845458937	0.935507377393223
SNRNP48	0.683334267165333	0.530066661955544	1.68796086138128	0.31402781550384	0.753499912864031	0.935507377393223
UBE2G2	0.67313538043322	0.530066497779856	1.54151618939651	0.343860480626786	0.730951213431604	0.935507377393223
RNF115	2.08936609081998	0.529640879675111	0.995080010442634	0.532259591306146	0.594546215108686	0.935507377393223
LARP6	3.92187721487118	0.52948232805114	0.82966247038425	0.638190043483485	0.523349977658836	0.935507377393223
AREG	39.24600487017	0.528820685923107	1.73856596671415	0.30417061880175	0.760997907783188	0.935507377393223
YTHDF2	1.4474673911583	0.527355711941012	1.24817452776482	0.422501581477854	0.672658946620093	0.935507377393223
MPZL1	1.31466558552347	0.525418061949887	1.14146751497103	0.46030049480928	0.645300546071252	0.935507377393223
GTF2A2	3.9641094319793	0.525291188503876	0.73503478574305	0.714648066584844	0.474826535687171	0.935507377393223
RTCB	1.39189088342124	0.524816141250292	1.30424434074049	0.402390966827829	0.687396316928616	0.935507377393223
AHSA1	6.77977587443801	0.524639985624856	0.81385422660461	0.644636310133386	0.519162898696354	0.935507377393223
F11R	0.700291642839032	0.524546548431823	1.57697097468491	0.332629171273512	0.739414220600816	0.935507377393223
SMIM12	1.99828830927521	0.524392580117793	0.954559759348408	0.549355422729896	0.582761559550512	0.935507377393223
RANBP1	4.03343728579345	0.524273432971527	0.823329732152927	0.636772136967049	0.524273277748601	0.935507377393223
KRT8	28.5746913739197	0.524252537902719	0.874441838290447	0.599528196097804	0.548820713333846	0.935507377393223
WDR83OS	7.34988364984995	0.522874832923562	0.586237988516454	0.891915643758877	0.372438148940149	0.935507377393223
CCDC6	1.36982295079504	0.521936638887936	1.17130464097835	0.445602809574784	0.655884180729028	0.935507377393223
ICT1	1.3876921061533	0.521660314550122	1.21047411901738	0.430955363980509	0.666500826277602	0.935507377393223
SH3GLB2	0.636560621524831	0.521290016084901	1.57506007605582	0.330965163811584	0.740670799276776	0.935507377393223
KMT2C	0.713500474824806	0.520413739284775	1.58361389289838	0.328624130931496	0.742439806366364	0.935507377393223
UNC119	0.649266031782987	0.520224563068723	1.52727360549667	0.340623029951169	0.733387389789759	0.935507377393223
ETV5	1.36539810762435	0.519878061803121	1.20355186584093	0.4319531850336	0.665775438648495	0.935507377393223
LRRC41	0.686915058430647	0.519838857327741	1.63181474648046	0.318564872911549	0.750056493976061	0.935507377393223
TALDO1	6.75892554502876	0.518660098050599	0.801291583989926	0.647280101792657	0.517450677287346	0.935507377393223
MOB2	1.32250635616475	0.518560582886508	1.10684129585414	0.4685049110734	0.639423559807155	0.935507377393223
AZIN1	3.51405569947303	0.518233777178	0.976665734266215	0.530615295485264	0.595685394200999	0.935507377393223
TRADD	1.29674003113298	0.517843835638082	1.12691586673086	0.459523067272383	0.64585859109336	0.935507377393223
CYB5B	1.43972948222082	0.516893925928008	1.19140452364203	0.433852579598995	0.664395496940012	0.935507377393223
NANS	2.71535840463549	0.516088468140411	0.995069688867558	0.51864555207962	0.604007937247783	0.935507377393223
TRAPPC12	0.706700834834007	0.514758705732688	1.70183615073039	0.302472541502756	0.762291862444939	0.935507377393223
VAT1	1.35084130045463	0.514716002493748	1.17727348120637	0.437210224056275	0.661958895686303	0.935507377393223
NGFRAP1	5.99024050392501	0.512075050335465	0.87822505750748	0.583079526094145	0.559839765731536	0.935507377393223
EIF5A	4.27898564311427	0.511250531003477	1.30076230879434	0.393039164455303	0.694290555236077	0.935507377393223
SLC35E1	0.694939935883701	0.511103749495239	1.58364702570497	0.32273842668174	0.746893347818158	0.935507377393223
CLU	8.01033874678537	0.510528625332944	1.02447112757384	0.498333834494663	0.618248763936303	0.935507377393223
ADI1	2.71937481354451	0.508379102750836	0.935061148584406	0.543685408724845	0.586657974993369	0.935507377393223
WDYHV1	0.657754987580721	0.506992921207297	1.57772578424907	0.321344131070663	0.747949616547609	0.935507377393223
MRPS25	2.02683188912444	0.506241633818177	0.946378129255644	0.534925330762188	0.592701491488533	0.935507377393223
ACAA1	1.3539642501183	0.505359322211453	1.23544170155036	0.409051533210573	0.682501843190086	0.935507377393223
CNPY2	6.10000465289897	0.503932138375098	0.77787904041248	0.647828405439336	0.51709594101533	0.935507377393223
TSPAN13	3.36749657030746	0.503811666655328	0.959158016058556	0.525264511394722	0.599399324238436	0.935507377393223
NT5C3B	1.35496970702752	0.503773927234172	1.10892055955071	0.454292169890222	0.649618551045273	0.935507377393223
NFATC2IP	0.710018975182195	0.503612941994522	1.55895876736561	0.323044427175933	0.74666159626089	0.935507377393223
CRK	2.12580750361636	0.503315628596502	0.975267402790328	0.516079617914502	0.605798802767431	0.935507377393223
RPL6	53.5357871465045	0.501940278708893	0.328651623523814	1.52727156290017	0.126693497667873	0.935507377393223
FAM103A1	2.09947449836299	0.50191185694087	0.998235039593437	0.502799277758563	0.61510540148679	0.935507377393223
BCAP31	18.5792560169984	0.501677893979901	0.594294162826795	0.844157532346676	0.398581382002613	0.935507377393223
TBL2	0.715116224607449	0.501311842635288	1.64042241814304	0.305599239007458	0.759909799957914	0.935507377393223
SNHG3	0.672690084739442	0.500487100019973	1.6100258214666	0.310856567234476	0.755909664035836	0.935507377393223
ZNF598	0.702599217578453	0.499110795998514	1.5274748205739	0.326755498209123	0.743852820645405	0.935507377393223
RTN4	6.93494708673426	0.499022462302587	0.741842421661728	0.672679868030161	0.501150978058671	0.935507377393223
HLA-E	2.05440173460887	0.498335659464827	1.00151165368486	0.497583485555361	0.618777646053878	0.935507377393223
MISP	0.688044598353324	0.497096661365233	1.65833679487378	0.299756155023425	0.76436316142951	0.935507377393223
RUVBL2	2.76277459295271	0.496232917821518	0.873875143156449	0.567853338898184	0.570134558040595	0.935507377393223
BCCIP	0.689182633894518	0.49551523123142	1.52113752052637	0.325753079221893	0.744611181265538	0.935507377393223
YKT6	3.42806562913712	0.493442447950237	0.825502114779112	0.597748254203168	0.550007922626365	0.935507377393223
GARS	2.09568590575446	0.490448467194212	1.07011222739358	0.458314982895552	0.646726161343026	0.935507377393223
DST	0.745371439914008	0.49042519808773	1.71191090316854	0.286478225695047	0.774511868312975	0.935507377393223
CCND3	0.715231822558553	0.489515545716412	1.61529818619504	0.303049647365421	0.761852026319611	0.935507377393223
BAZ1A	1.44813315072597	0.489411513334108	1.28636458086035	0.380460967766059	0.703603265182223	0.935507377393223
INTS10	1.39826727433785	0.489372683591351	1.18332991274878	0.413555575937889	0.679199613132057	0.935507377393223
SPINT2	7.55730792831679	0.488722668153672	0.658942999807347	0.741676697827518	0.458283241401984	0.935507377393223
PSMD3	1.43400418693241	0.488631310327077	1.30401789669326	0.374712119800005	0.707874577646156	0.935507377393223
PABPC4	0.709375798189959	0.488186753385202	1.60664661826837	0.30385446795473	0.761238767889684	0.935507377393223
SERINC3	2.74700892904367	0.486714377602594	0.886929084016666	0.548763578028577	0.583167708409963	0.935507377393223
ABCE1	0.710997887802376	0.486213072288196	1.64700935859281	0.295209659709289	0.767833723281119	0.935507377393223
ACADVL	3.42499946474188	0.486153610346849	0.928771210125983	0.523437424681698	0.600669886230346	0.935507377393223
SLC9A3R2	0.697827090308518	0.4860705351234	1.74959453791706	0.277818960101511	0.781151335863433	0.935507377393223
ACOT13	5.3273407324546	0.485870553124832	0.776809240437799	0.625469584850718	0.531662904492165	0.935507377393223
CFL2	0.669959115054192	0.484526761669164	1.64417391628414	0.294693132441976	0.768228309849256	0.935507377393223
TBC1D7	0.688280505464087	0.484085528558988	1.58058922727331	0.306269029426506	0.759399817851708	0.935507377393223
TACO1	3.49621414250729	0.483730505223034	0.825997615425764	0.58563184225864	0.558122945405156	0.935507377393223
CUTA	2.00037166208448	0.482616278800785	1.07736533653674	0.447959723998717	0.654182264128615	0.935507377393223
GORASP2	1.41130088679788	0.480227756790389	1.2066497245658	0.397984391835992	0.690641691002043	0.935507377393223
NEAT1	90.8946612933665	0.479653512209392	0.768286029588487	0.624316327170893	0.532419863417407	0.935507377393223
MYL12A	12.2046403627001	0.479596364372669	0.90213241044255	0.531625245719083	0.594985576005149	0.935507377393223
UBE2V2	2.81588068001943	0.47876316228972	0.898717822820995	0.53271800128201	0.594228803173771	0.935507377393223
ALKBH6	1.35762246998672	0.478514608625963	1.15257813596006	0.415168910199199	0.678018256424087	0.935507377393223
VMA21	2.63076662078495	0.478404386620731	0.844999230270643	0.566159553148355	0.571285322563095	0.935507377393223
FDPS	2.06583219063482	0.478128380894151	1.24472000454915	0.384125248366467	0.700885618850767	0.935507377393223
RNASEH1	2.10518987773352	0.476892288184773	0.972064320340743	0.490597461716942	0.623711182046734	0.935507377393223
MAP2K3	0.716017042541419	0.4761197001297	1.63953479400847	0.290399265614634	0.771510805462917	0.935507377393223
MGAT2	0.689990643836022	0.475879814509275	1.54062165565608	0.308888176900655	0.757406590792132	0.935507377393223
RP9P	2.11694151624921	0.475815599084912	1.21807664722651	0.390628619445513	0.696071767910401	0.935507377393223
FOPNL	1.34702004236747	0.475456212487762	1.10793157901146	0.429138605212412	0.667822359173421	0.935507377393223
SNRPE	7.61609644056872	0.475333172859738	0.615407385350914	0.772387826624304	0.439884761672841	0.935507377393223
ZDHHC12	5.45835503001585	0.473892673274174	0.71681621018901	0.661107640338125	0.508543285854219	0.935507377393223
MLF2	11.3947441461369	0.473739660792778	0.582992006514619	0.81260061115589	0.416447081058726	0.935507377393223
TLE3	0.741790527703908	0.473487142290766	1.65199336702131	0.286615643708368	0.774406634828174	0.935507377393223
ASAP1	0.753385079433993	0.473028371873849	1.57419224845944	0.300489582728395	0.763803741285726	0.935507377393223
BIRC6	0.735532401762081	0.472072817306174	1.5813682888734	0.298521742612209	0.765304983987621	0.935507377393223
YBX3	9.60010801377612	0.471966738513125	0.66991003821285	0.704522565107716	0.481107402550647	0.935507377393223
MT-ND5	12.3147325196042	0.471221730518519	0.61668500824417	0.764120619471819	0.444795365672728	0.935507377393223
MYO1C	0.70636369350497	0.470632762343001	1.54756062994689	0.30411264879435	0.761042070606937	0.935507377393223
THOC7	14.4515801824531	0.47058134555931	0.61083097891968	0.770395349613052	0.441065411140321	0.935507377393223
ZNRF1	1.39303107051542	0.470376504073283	1.17624544469946	0.399896557468471	0.689232707946685	0.935507377393223
LSM5	5.55993361833137	0.469304382969044	0.772258245103173	0.607703946115002	0.543383845364427	0.935507377393223
VAMP3	1.4195583095507	0.469193562575605	1.12162114191881	0.418317331084661	0.675715119870877	0.935507377393223
RRAGA	0.709857258935937	0.468475008074506	1.62802276428133	0.287757037771709	0.773532725822899	0.935507377393223
TMEM106C	0.684937558560909	0.46810825825341	1.71869833863599	0.272362082240048	0.785343624962275	0.935507377393223
LINC00657	1.46437925519239	0.467263683437273	1.22278653622274	0.382130216186939	0.702364780178253	0.935507377393223
NDUFV3	6.86425468015964	0.467149701199728	0.666567003257921	0.700829322358415	0.483409536471954	0.935507377393223
DSTN	15.7725445975063	0.46604088072506	0.621625814911296	0.749712881199379	0.453427647808078	0.935507377393223
ERP29	4.19390422191093	0.465515841061233	0.79779365687635	0.583504064050717	0.559554021990205	0.935507377393223
UQCRQ	18.9212444533928	0.465360173667078	0.513029678485372	0.90708236420351	0.364363243396863	0.935507377393223
RABIF	2.06362114886152	0.464194161106359	0.933459541794871	0.497283642538807	0.618989045114276	0.935507377393223
SEC61G	10.2860460945499	0.464046981585545	0.644748809635058	0.719732979186431	0.471689416749497	0.935507377393223
SLC25A24	0.732183678530169	0.463412589749779	1.61121873551263	0.287616187383979	0.773640552500415	0.935507377393223
NUMB	0.74083540347699	0.463170131034751	1.55893157538381	0.297107415327525	0.766384503245607	0.935507377393223
EPCAM	6.30101348220483	0.462992323101483	0.897532109361425	0.515850428382882	0.605958878655534	0.935507377393223
CCDC64B	0.718710001328532	0.462585380869742	1.68878465726637	0.273916143706877	0.784149065015937	0.935507377393223
CHTF8	0.701591160365621	0.462106443803107	1.57752971578771	0.292930421011032	0.76957533565923	0.935507377393223
ARL1	2.10999366976369	0.461723907540158	1.01594669707004	0.45447650833627	0.649485896342674	0.935507377393223
STYXL1	1.39361613741986	0.461625630327758	1.1033125032192	0.41839970904059	0.675654899264193	0.935507377393223
WIPI1	2.12388173249715	0.461161454128207	1.00614163450622	0.458346457707748	0.646703552011151	0.935507377393223
PITPNA	1.39662947218672	0.460577114173716	1.18166016068537	0.389771212991204	0.696705732256225	0.935507377393223
G3BP1	0.760059387906298	0.460548452544301	1.6639249154531	0.276784395898591	0.781945663528816	0.935507377393223
RNF114	6.35335903704475	0.460172669553731	0.756331411221805	0.608427288257605	0.542904117462243	0.935507377393223
TFDP2	3.48380629136442	0.459441482911708	0.823976733309013	0.557590359459101	0.57712414105486	0.935507377393223
PSMC1	7.09801259651468	0.458416758011345	0.743062591375829	0.616928860814479	0.537281649493576	0.935507377393223
ATPIF1	3.42123255429906	0.457546637132065	0.885592671136601	0.516655853243268	0.605396418728957	0.935507377393223
PRDX2	11.6042688668069	0.456972800030807	0.751044010375284	0.608450095757325	0.542888994727203	0.935507377393223
DNAJB9	1.4399538690293	0.456738646860469	1.31624419688726	0.347001451509223	0.728590228302484	0.935507377393223
STK16	0.702705425606122	0.456354279145027	1.5258578854794	0.299080460564418	0.764878654550316	0.935507377393223
KPNA2	2.87569536293435	0.455748079962268	1.08153299724532	0.421390823139991	0.673469719166873	0.935507377393223
SCNM1	3.5609559324527	0.455534989311059	0.751883034079408	0.605858848602439	0.544608487728989	0.935507377393223
KIF2A	0.750712799978929	0.455184517072379	1.59037366308528	0.286212308237885	0.77471551728532	0.935507377393223
COX11	0.735693681310812	0.454359448002401	1.58178708695822	0.287244378050991	0.773925208586328	0.935507377393223
RPL26L1	3.5115765744381	0.453470174346818	0.842247300711816	0.538405019480114	0.59029746178141	0.935507377393223
MORF4L1	9.87883187651119	0.453468753290179	0.619350081607546	0.732168714845703	0.464065597032668	0.935507377393223
MGRN1	0.746665652855831	0.452752041715994	1.56545225765578	0.289214851172771	0.772416967662104	0.935507377393223
HNRNPC	4.36320023439393	0.452118973690051	0.810443841363134	0.557865888560033	0.576935966207915	0.935507377393223
EIF4G2	3.61977464691102	0.450876513986036	0.871847880152155	0.517150439027676	0.605051145931542	0.935507377393223
SMAD2	0.707130346141603	0.450539808077032	1.5223447243765	0.295951239468156	0.767267319371255	0.935507377393223
HSPA5	6.97500830798218	0.449962425780314	1.34778341295022	0.333853660355836	0.738489989054466	0.935507377393223
ARFGAP1	0.700480999314361	0.449700361409829	1.52771326405582	0.294361757530303	0.76848148608579	0.935507377393223
INTS6	0.690858381955739	0.449595153162301	1.64573790820688	0.27318757799786	0.784709028254338	0.935507377393223
LEPROT	0.740909512637069	0.448532444209585	1.58503318200616	0.282979845028785	0.777192287141501	0.935507377393223
SLC25A26	2.11483931512269	0.448040805861862	0.927884032142289	0.482862933665784	0.629193061839553	0.935507377393223
TFF1	118.855990963634	0.447785102506277	1.69056104782107	0.264873666102398	0.791106785391368	0.935507377393223
EMC4	5.63959097346671	0.447568816132645	0.721509214621194	0.620323077048471	0.535045104678432	0.935507377393223
POLR3C	0.734998351037454	0.445850960126011	1.7548928487403	0.254061642821128	0.799447935872994	0.935507377393223
SNX4	0.715913873890112	0.445744785598332	1.52374993674828	0.292531454701526	0.769880313742623	0.935507377393223
ZNF652	0.787610595293047	0.445665734077199	1.7195158471255	0.259180940275843	0.795495636230732	0.935507377393223
BRD2	3.71507870919973	0.444890329756352	0.894300143118398	0.497473172938374	0.618855416363613	0.935507377393223
PXN	0.717284669551105	0.4440967969364	1.574550211279	0.282046767232442	0.777907650287514	0.935507377393223
TMED9	6.43808817619235	0.443397011952706	0.731129004426915	0.606455234668548	0.544212499820091	0.935507377393223
EIF4A3	0.749108859727384	0.442333470385045	1.74035678027547	0.254162523109216	0.799370002309084	0.935507377393223
MRPL14	6.97783499417223	0.441660000503161	0.599949000362806	0.736162574212269	0.461631765525855	0.935507377393223
ARPP19	6.40469524038369	0.440753483246265	0.723537629511473	0.609164562102814	0.542415367133233	0.935507377393223
GOLGA7	1.43519141716876	0.440574723966914	1.13245222094779	0.389044867251158	0.69724295642036	0.935507377393223
APOPT1	6.26182910817299	0.440542729314236	0.635614728080705	0.693097107180782	0.488248612965432	0.935507377393223
SLC35D2	1.37703563202083	0.440202856854607	1.17559845051964	0.374450014509655	0.708069538629193	0.935507377393223
PPP6C	2.82898038008656	0.439606368539653	0.821979734536139	0.534814120189633	0.59277839805708	0.935507377393223
ZFPM1	0.696904316295265	0.439393722189098	1.61294629015587	0.272416834255922	0.785301530136649	0.935507377393223
TEX261	0.715817442050406	0.439355199679476	1.54058746602985	0.285186793588364	0.775501037626403	0.935507377393223
GLRX3	5.62045363903445	0.439162667515925	0.724185673745858	0.606422749630424	0.54423406552117	0.935507377393223
CYB5R4	0.735565798894228	0.438741630215048	1.5597093252901	0.281297048816096	0.778482573670575	0.935507377393223
HDAC3	1.43615523235562	0.438554764769956	1.14585431988744	0.382731693862302	0.701918712209556	0.935507377393223
PITRM1	1.4976146763525	0.437588800725528	1.20588378653794	0.362878086272172	0.716695957195192	0.935507377393223
ADSL	0.713427245445288	0.436287107966827	1.57886032429252	0.276330401907036	0.782294307271235	0.935507377393223
SLC30A5	0.730690925727101	0.435587348265201	1.54301893301854	0.282295530498178	0.777716912418752	0.935507377393223
DNPH1	2.75454192922444	0.434526636182318	1.01676174185866	0.427363283150283	0.669114746248805	0.935507377393223
ZNF778	0.700732151340552	0.432360144488731	1.5523973653613	0.278511258867091	0.780619923489029	0.935507377393223
TRABD	0.674813875806433	0.432275370492521	1.5439862701541	0.279973584512106	0.779497771258085	0.935507377393223
PACSIN3	1.432412090198	0.432125435265918	1.23287676464063	0.350501727065866	0.72596219424686	0.935507377393223
ZC3H18	0.768511786873999	0.43021185191469	1.63178581538677	0.263644804273972	0.792053630760012	0.935507377393223
MARCH9	0.694798039155055	0.429573978830537	1.56510130691531	0.274470398134925	0.78372314929082	0.935507377393223
NUDC	5.79614994676446	0.427197247080129	0.910678861712908	0.469097576588752	0.638999891219109	0.935507377393223
MAP2K2	8.35607886344922	0.427151991460913	0.540065771893853	0.790925871793386	0.428987249980579	0.935507377393223
RNH1	1.46445847982085	0.426783041287513	1.19195701357057	0.358052376410004	0.720304117592689	0.935507377393223
BAD	2.83562225349551	0.426626738762466	0.895477328775887	0.476423830121599	0.633772460806227	0.935507377393223
DCAF7	2.25258137752303	0.426615396590839	0.993730168983025	0.429307079433277	0.667699765518434	0.935507377393223
REEP4	0.698494887953549	0.425033526451456	1.55065837209716	0.274098753213209	0.784008731950932	0.935507377393223
HPRT1	0.743578556697835	0.424640805767476	1.69515986949145	0.250501922213902	0.802199218367897	0.935507377393223
ARPC5L	9.85859838708965	0.42416169164527	0.557272452425449	0.76113881064669	0.446574161361325	0.935507377393223
COX14	6.97978812413103	0.42397259671854	0.619633101154437	0.684231678276447	0.493828881629167	0.935507377393223
NECAB3	0.712196902049114	0.423824182951757	1.59468144204108	0.265773571936281	0.790413597955107	0.935507377393223
MSMO1	0.732410847893041	0.423470755848676	1.67763693942951	0.252420977325809	0.800715687439285	0.935507377393223
TNIP2	2.17922963780252	0.422859586096925	0.956049945175915	0.442298635370057	0.658273118308734	0.935507377393223
MMADHC	2.20020481137933	0.422652036067596	0.965969623434765	0.437541746462733	0.661718507474456	0.935507377393223
C17orf85	0.725758586143805	0.422306244962718	1.55682736851958	0.271260804827897	0.78619044985828	0.935507377393223
C17orf62	0.718314956294411	0.420435779571592	1.5419323901389	0.272668102869101	0.785108356108037	0.935507377393223
UQCR11.1	6.965929946876	0.420175965994283	0.628201734796586	0.668855150695083	0.503587881986341	0.935507377393223
CHCHD2	27.3226774896381	0.420051705644603	0.467969037778726	0.897605763916413	0.369395765042367	0.935507377393223
ATP6V1E1	2.94908124643064	0.419667244549836	0.937357361532542	0.447713179383044	0.654360208837065	0.935507377393223
NAPG	1.46760308640316	0.419271632276086	1.141418243606	0.367325154144648	0.713376493240099	0.935507377393223
SRSF4	0.743405715462912	0.418826980579085	1.64583052786579	0.25447758653632	0.799126617620353	0.935507377393223
NDUFB5	3.66773329838162	0.418825116248358	0.808643588801834	0.517935369856738	0.604503363109833	0.935507377393223
PRR13	14.0800804630333	0.41849005260813	0.581145374116893	0.720112507552979	0.47145572718025	0.935507377393223
AVPI1	1.42826988537087	0.41729825553118	1.19558831929387	0.349031726721486	0.727065491083693	0.935507377393223
TPM4	8.4681296772245	0.41638835127339	0.849050102558276	0.4904167021696	0.62383906018018	0.935507377393223
LARP7	0.736528715061456	0.415652492735881	1.59338855568578	0.260860724305245	0.794199913863266	0.935507377393223
SUCLG1	2.94535434265054	0.414896902339211	0.991672243685647	0.41838107800336	0.675668518895699	0.935507377393223
AP1G1	0.836251711528018	0.41459436838022	1.72503481515249	0.240339710676256	0.810066912340018	0.935507377393223
MRGBP	4.971019918002	0.414561934859149	0.661872123152652	0.626347477643406	0.531087051523568	0.935507377393223
CSNK2B	9.09554188877669	0.414469865535827	0.614388383404191	0.674605635020865	0.499926351913593	0.935507377393223
SNRPA1	6.42960644222669	0.414179739552703	0.72632663029926	0.570238956242116	0.568515637388198	0.935507377393223
NAA50	3.73598821348346	0.413069696247425	0.884646391743323	0.466931985596427	0.640548540124656	0.935507377393223
MRPL42	1.46737209870518	0.412953727278848	1.15069185099398	0.358874295426818	0.719689129742551	0.935507377393223
AKR1C1	7.06699760584929	0.410971649741542	1.7948104357776	0.228977746924838	0.818886212050155	0.935507377393223
PHLDA1	2.86293094411567	0.410174691089162	1.53548950704849	0.267129595615145	0.789369381286837	0.935507377393223
IGF2BP2	0.735608110327301	0.409484338648386	1.65722018137982	0.24709108858875	0.804837730226606	0.935507377393223
MT-CO2	213.664217472661	0.408327000543317	0.624563230786475	0.653780082489222	0.513253500361893	0.935507377393223
PTGR1	7.16937289624866	0.406054877381178	0.806017530097435	0.503779213501836	0.614416536300214	0.935507377393223
SEPHS1	0.719662116702918	0.405783294622478	1.53354458266291	0.264604824150505	0.791313903432573	0.935507377393223
OSTC	2.18314982811321	0.40576891694529	0.995725809062807	0.407510695466663	0.683632940337763	0.935507377393223
RPAP3	0.76937554983915	0.405357873923934	1.58876146294971	0.255140802050512	0.798614351239961	0.935507377393223
MT-CO1	164.971211595225	0.404940745919309	0.571062663121402	0.709100370362022	0.478262193155159	0.935507377393223
ATP6V0B	9.22417636218851	0.404924436534818	0.638262410789256	0.634416863174036	0.525808807300269	0.935507377393223
SF1	3.05192879595951	0.404504877316987	0.916774131732319	0.441226320983383	0.659049159914961	0.935507377393223
PSMD1	2.2584530708751	0.403819723937857	1.00640043885982	0.40125153800147	0.688234939566202	0.935507377393223
CCT2	7.28541125208746	0.403303769383664	0.774621556925971	0.520646199137738	0.602613259665301	0.935507377393223
WASF2	2.98071871350067	0.4032873474197	0.886161177530086	0.455094804021707	0.649041035982027	0.935507377393223
STRN3	0.817369844151344	0.403178758982252	1.70699166019927	0.236192576907603	0.813283239359337	0.935507377393223
CAND1	0.771641589471914	0.401325571356163	1.54051112198389	0.260514556259309	0.794466888579684	0.935507377393223
MFF	2.17663056329708	0.400321801329175	0.910450667291454	0.439696312728412	0.660157073522458	0.935507377393223
PKIB	0.686005644806389	0.399938154993153	1.7929462033782	0.223061993851018	0.823487257631882	0.935507377393223
PSMB2	9.41900619978768	0.39958083023373	0.730590058561793	0.546928918004067	0.584427567630593	0.935507377393223
ESYT1	0.747229345905865	0.398632567584881	1.6383332996803	0.243315916036542	0.80776067561138	0.935507377393223
CCT7	4.41321251585465	0.398525886640853	0.876218579246723	0.454824739031968	0.649235330876761	0.935507377393223
SH3BGRL3	25.1990848644361	0.398113660439889	0.585645923435662	0.6797855914447	0.496640231259292	0.935507377393223
CALR	3.78483910067191	0.397742656943009	1.1006775284347	0.361361658312992	0.717829106447702	0.935507377393223
RUVBL1	0.743628320011427	0.396899862393049	1.64620761418342	0.241099518051935	0.80947798630036	0.935507377393223
RPS6	113.969799539578	0.39648656502236	0.257313658525385	1.54086870978614	0.123348742611404	0.935507377393223
SEC62	4.45701229802294	0.396292542984207	0.775251352651075	0.511179427973949	0.609225422364945	0.935507377393223
BCL2L13	0.722718558299461	0.396085587902364	1.53287992360667	0.2583930951163	0.796103545009305	0.935507377393223
DRG1	2.18999992940892	0.395077613312081	0.930673096235598	0.424507396754131	0.671195812074537	0.935507377393223
TEX264	0.72383269790791	0.394623283245845	1.60819122132974	0.245383308907475	0.80615965157995	0.935507377393223
ATXN7L3B	1.54799796105253	0.393608114045945	1.22319928609602	0.32178576174794	0.747615001555467	0.935507377393223
PRMT2	5.04062147946366	0.393433852154428	0.754489519762065	0.521457014112669	0.60204844303928	0.935507377393223
KRTCAP2	1.48669748879718	0.392864895748444	1.12253622170175	0.349979705022673	0.726353928691521	0.935507377393223
EMC2	0.735185747078131	0.391804581284874	1.64142239605321	0.238698206035793	0.811339607927222	0.935507377393223
CC2D1A	0.74882923796146	0.390954989418505	1.57871824995885	0.247640761376323	0.804412369807449	0.935507377393223
CYB5R1	2.96760411963944	0.390418789939078	0.967625492747297	0.403481298152444	0.686594190097419	0.935507377393223
FAM107B	0.727149764558494	0.390217978756127	1.7721855722211	0.220190246931681	0.825722992064503	0.935507377393223
FAM204A	2.29716584884258	0.389695601256322	0.979372050123074	0.397903535441256	0.690701293865932	0.935507377393223
JMJD1C	0.796161427933737	0.388873540688202	1.62665416735761	0.239063439845914	0.811056390656965	0.935507377393223
SQLE	2.89920316017496	0.388827979190997	1.08973366421011	0.356810101368061	0.721233973592102	0.935507377393223
MPG	2.91547858857244	0.388763068959243	0.862323494174417	0.450832050368107	0.652110599765407	0.935507377393223
CAPZA1	3.09666588391898	0.388755247831375	1.32956343090102	0.292393156126385	0.769986040338995	0.935507377393223
TFAM	0.771066238884768	0.388656968790146	1.64126485491468	0.236803321308157	0.812809374803034	0.935507377393223
GTF2E2	1.4600212270153	0.388452827980376	1.13551507116518	0.342093942955575	0.732280195599091	0.935507377393223
EBLN3	0.747904692682225	0.388298347037234	1.52971193283025	0.253837561637379	0.799621053598758	0.935507377393223
BLOC1S1	1.47139276428761	0.38792228534382	1.25729864508342	0.30853631065361	0.757674275049382	0.935507377393223
FAM207A	3.65644142754195	0.387533732474747	0.8451647533107	0.458530400086717	0.646571427030138	0.935507377393223
GALNS	0.732740143408529	0.386085312791453	1.5718069869862	0.245631503096787	0.805967500264503	0.935507377393223
MDM2	0.814906031227027	0.385253270219586	1.61859179289438	0.238017560641818	0.811867474128916	0.935507377393223
MRPL4	4.33551943925673	0.38504963504811	0.738765267151644	0.521207008733225	0.602222572238477	0.935507377393223
PSMB3	10.8294635583288	0.384940079561294	0.693857686199997	0.554782467957469	0.579043460377007	0.935507377393223
CASC4	0.743245354841112	0.384211001983111	1.52621213673401	0.251741545448129	0.801240842263898	0.935507377393223
ZDHHC7	0.75722426707597	0.383130299575776	1.55044937497599	0.24710919670093	0.804823716470423	0.935507377393223
MT-ND4	112.482585218242	0.38238735009252	0.541852274156821	0.705704060553321	0.480372195274362	0.935507377393223
ORC4	0.762337391642326	0.380081151583595	1.56117878595631	0.243457799326151	0.807650772971615	0.935507377393223
FUS	2.36471765223517	0.380007907991513	1.11672212025497	0.340288690533641	0.733639133171935	0.935507377393223
ADAM17	0.845314787900249	0.379819364081756	1.76055313764876	0.215738653926123	0.829191469162475	0.935507377393223
NOL3	0.754421413616174	0.377907310985515	1.59881079035422	0.236367751121939	0.813147318136044	0.935507377393223
CTNNAL1	1.51444230823644	0.377626058221566	1.41025520321364	0.267771434107135	0.788875260277976	0.935507377393223
ARL8A	2.9474755581501	0.377142545610083	0.8313610874284	0.45364469339872	0.650084579853002	0.935507377393223
RP11-783K16.5	0.724870765517151	0.376530102662188	1.61628504925505	0.232960208866458	0.815792304430661	0.935507377393223
CACUL1	2.28149983482604	0.375670657538512	0.926140432182992	0.405630339076142	0.685014233397032	0.935507377393223
LAMTOR4	2.15335396452267	0.373633070956422	1.00770086086513	0.370777762991738	0.710803065241738	0.935507377393223
FBXO22	1.53792714949541	0.373235492085471	1.15496115846689	0.323158479702389	0.746575223662872	0.935507377393223
USP34	0.80788467609004	0.372399060000424	1.60182828639801	0.232483758192227	0.81616230075764	0.935507377393223
UBXN4	8.24160122004988	0.371003367165981	0.755996111514221	0.490747718824745	0.623604891459748	0.935507377393223
AVL9	0.764420939066947	0.370323533950298	1.5564266315777	0.237931892475338	0.811933919090888	0.935507377393223
CEMIP	0.687512270099929	0.370104863465627	2.39816077329326	0.154328628667119	0.877350625303927	0.94431378102767
CFDP1	2.31020326299949	0.368919073689507	1.01362795470495	0.363959056157733	0.715888583978601	0.935507377393223
VPS37A	1.50992888618127	0.366844247982861	1.13090523642394	0.324381067632923	0.745649551344647	0.935507377393223
PPP1R14B	9.46124935253293	0.366498641534023	0.65923248718418	0.555947482350986	0.578246757186282	0.935507377393223
TMEM70	0.771598685529244	0.366121035606641	1.55928813665103	0.234800116156196	0.814363877581614	0.935507377393223
CTSA	1.5442124964835	0.364740485916547	1.2706213383937	0.287056792527698	0.774068835029216	0.935507377393223
CHCHD1	1.48586460972902	0.36440167788903	1.11875757844126	0.32571996374473	0.74463623836672	0.935507377393223
NOLC1	0.764995612890278	0.364307147600016	1.63856905669569	0.222332495607278	0.824055057240845	0.935507377393223
KLHDC2	2.3120230899552	0.364303998257607	1.06368574683394	0.342492131103531	0.731980564811985	0.935507377393223
WDR74	2.31307118046658	0.363821136214187	1.0308547547652	0.352931520694256	0.724139779387898	0.935507377393223
NOL10	0.792645836203867	0.363709659446173	1.59819990055326	0.227574572692856	0.819976989333117	0.935507377393223
NKIRAS2	0.77034662674652	0.362364850858428	1.59302516482608	0.227469633788233	0.820058579097145	0.935507377393223
TECR	0.758313354934777	0.361790476683423	1.57935123633154	0.229075374977244	0.818810332521109	0.935507377393223
FNIP1	1.59251179583003	0.361697119038424	1.1703816144178	0.309042037727455	0.757289549429461	0.935507377393223
ATP5D	7.33443983920769	0.361410328210812	0.64017452622071	0.564549686699358	0.572380095387417	0.935507377393223
TFPI2	0.722828072621011	0.361092086954735	2.11814292531995	0.170475789257796	0.864635973029957	0.937480849012924
ATP6V0E1	26.5692186792242	0.359404737142979	0.518867516523062	0.692671492621767	0.488515733090157	0.935507377393223
FARSB	0.753192202379839	0.358859712825946	1.62292525081648	0.221119064260912	0.824999726500972	0.935507377393223
ZNF292	0.797501109523465	0.3587236479973	1.67250245540942	0.214483181676099	0.830170280883965	0.935507377393223
TRMT1	0.77644551489867	0.358545113056874	1.57876731985526	0.227104468497451	0.820342509470202	0.935507377393223
SNRPC	3.11592488928765	0.358181582472391	0.935128404854321	0.383029304438882	0.701698036168653	0.935507377393223
ATP5SL	1.51779670562707	0.358103325187041	1.11847344551039	0.3201715039588	0.748838323650019	0.935507377393223
YWHAH	1.53867230311889	0.357326146036043	1.2799013328283	0.279182572024073	0.780104717623891	0.935507377393223
APRT	11.0851085345676	0.356771581279312	0.629175007729698	0.567046651402571	0.570682486774916	0.935507377393223
C4orf3	2.27009878189337	0.354693494078981	1.0212720438372	0.347305594253123	0.728361748456915	0.935507377393223
HIBCH	0.800832328419777	0.354601794376068	1.59374367553051	0.222496126460255	0.823927688343726	0.935507377393223
CLIC1	11.1153144939348	0.354328947030713	0.685503388826343	0.516888687650929	0.605233864874304	0.935507377393223
PPM1G	3.13751055329228	0.353846751217581	0.921555078016602	0.383967013647346	0.701002896292646	0.935507377393223
RAB13	3.67533362300291	0.353482633018532	0.804362738462799	0.439456747703238	0.660330615543511	0.935507377393223
RDH11	1.60262037494546	0.353384377036061	1.25721714691583	0.281084598554015	0.778645513731067	0.935507377393223
NAA35	0.784842117987029	0.351822042242455	1.60824389271079	0.218761621814361	0.826835744089676	0.935507377393223
ZNF511	2.23435811492275	0.351152207865978	0.940947552526986	0.37318999015719	0.709007045625447	0.935507377393223
DENND2C	0.777727298712129	0.351130846613493	1.62628219066204	0.215910159152976	0.829057778010679	0.935507377393223
TTC39A	0.764229895185427	0.351042286178552	1.5664191540609	0.224104949986397	0.822675640904795	0.935507377393223
RAB25	2.2936583132425	0.349489085795163	1.04889254521097	0.333198178775185	0.73898469278789	0.935507377393223
RNF149	0.792418681290747	0.349299021326147	1.61583368661211	0.216172632258037	0.828853185484858	0.935507377393223
PHF23	0.77214269690384	0.347228639113385	1.56260282494954	0.222211705731812	0.82414908204985	0.935507377393223
ACSL3	1.59163182450098	0.346294094406977	1.36790741049449	0.253156092108452	0.80014759493875	0.935507377393223
SCD	0.745782767885852	0.345340384985779	1.7425819329879	0.198177416193938	0.842906256321066	0.935507377393223
REEP3	2.23801416494926	0.345175163233609	0.990480244768453	0.348492728710911	0.727470173649207	0.935507377393223
DAZAP1	1.5353955705355	0.345119798606669	1.10110014258679	0.313431799033179	0.753952628294847	0.935507377393223
CTSB	0.755068193236232	0.344500416355879	1.56634215246614	0.219939440315437	0.825918319355337	0.935507377393223
RBPJ	0.804436336875074	0.343858773263619	1.61823243782114	0.212490347633005	0.831724507327588	0.935507377393223
SEPT7P2	0.79445959437033	0.343806963193306	1.61202843653124	0.213275991540887	0.831111698730681	0.935507377393223
WBSCR22	4.59955435994174	0.343416129241824	0.838650138484523	0.409486761502707	0.682182480081708	0.935507377393223
RAD23A	4.63663570014742	0.341580892021547	0.855373951812104	0.399335157796085	0.689646264924866	0.935507377393223
C14orf166	9.02851790410487	0.341337851058198	0.607334301997093	0.562026300730551	0.574098099852154	0.935507377393223
TPM3	6.90639527124694	0.340991716936863	0.73159590013974	0.466092985036865	0.641148944296597	0.935507377393223
WIBG	0.782356981057136	0.340605734829142	1.61208672076368	0.211282513801609	0.83266682690555	0.935507377393223
SET	16.1237512247262	0.339573295794058	0.698069606520742	0.486446183334825	0.626650852974697	0.935507377393223
POLD2	2.29239226776794	0.339018004915919	1.04336375052647	0.324927912000827	0.745235631389574	0.935507377393223
HMG20B	0.74980738943993	0.338389682965516	1.54246513170005	0.219382387329919	0.826352188742915	0.935507377393223
ATG4D	1.50877764520321	0.338293242498127	1.09980826202735	0.307592927038508	0.758392102852585	0.935507377393223
C18orf21	0.765584604581075	0.338150492001358	1.5260016093848	0.22159248713878	0.824631131504259	0.935507377393223
YRDC	1.54116016341364	0.338074141351978	1.13829562891262	0.297000298309966	0.766466281388731	0.935507377393223
C2orf47	0.793430885233077	0.337533073985532	1.57914143422592	0.213744675853552	0.83074617005147	0.935507377393223
MANF	2.28841930395617	0.335236672843415	1.19286193848648	0.281035601880942	0.77868309341775	0.935507377393223
ATXN1	1.58739725320004	0.335113351065875	1.15818220737154	0.289344240425178	0.772317960455606	0.935507377393223
RPL32	173.982574127616	0.333300023526171	0.276775798426336	1.20422387152784	0.228503061779259	0.935507377393223
NADK	0.782443865716086	0.333048452442474	1.59542412482777	0.208752298062703	0.83464161146459	0.935507377393223
C1orf122	5.20464622215648	0.332378915251734	0.729343719593314	0.455723284265847	0.648588976155904	0.935507377393223
NECAP2	0.778512457026315	0.33052193652249	1.53978715577891	0.214654301590985	0.830036854040164	0.935507377393223
UQCR10	8.13171486535674	0.330410746668842	0.621086133829139	0.53198860620472	0.594733886865042	0.935507377393223
RPL14	70.2479371572827	0.329972459935101	0.315221386215978	1.04679591666098	0.295193714084706	0.935507377393223
VAMP8	5.95778791587923	0.328866589915434	0.721322695997681	0.455921589241789	0.648446364145717	0.935507377393223
ETF1	3.83286325293278	0.32871732881514	0.759430124089996	0.432847365923274	0.665125660033018	0.935507377393223
TUBB6	2.3344539067349	0.327884348022652	1.07178224952249	0.305924405977739	0.759662202988119	0.935507377393223
SNX9	0.803100851649149	0.327584071245427	1.59279689303105	0.205665940634806	0.837051865202862	0.935507377393223
GATA3	1.5621887319501	0.327158232347674	1.58368052688463	0.206580952909265	0.836337136770125	0.935507377393223
SLIRP	10.5861127066064	0.326676012161118	0.577463466148706	0.565708536229708	0.571591931410507	0.935507377393223
UBL7	0.77511953266525	0.325710074054618	1.54442906230506	0.21089351528292	0.832970364387536	0.935507377393223
KCTD20	0.775982299833074	0.324184971388774	1.54646252779037	0.209630020490687	0.833956447243393	0.935507377393223
DCTN6	0.771801713700701	0.323378906177633	1.54761708478041	0.208952789005633	0.834485093933009	0.935507377393223
ATXN1L	0.76469044912295	0.321559595305589	1.56087163549772	0.206012837950669	0.836780883166576	0.935507377393223
CDK11B	0.800588252527005	0.321524049360021	1.57726107481001	0.203849606444354	0.838471026315894	0.935507377393223
PEF1	1.59733749902037	0.320252563608398	1.15996295233011	0.276088613834675	0.782480005774324	0.935507377393223
BECN1	0.792834102347996	0.320148866626018	1.58058022715706	0.202551481490983	0.839485615949864	0.935507377393223
TCEAL4	4.67579775244226	0.319694831102576	0.85467070836251	0.374056145805078	0.708362544772127	0.935507377393223
FAM177A1	4.58534720873601	0.319266988646533	0.785615579840398	0.406390856850616	0.684455436648941	0.935507377393223
PRDX5	7.63881791696858	0.315644691054289	0.70271904130499	0.449176231895066	0.653304531840664	0.935507377393223
ATP5F1	3.82201223519572	0.315061473507696	0.741014509528947	0.425175849401352	0.670708488176975	0.935507377393223
LSM10	5.29204900256474	0.314184877213572	0.700949938092949	0.448227270079178	0.653989183750556	0.935507377393223
ISCU	5.32911085051399	0.313783300370806	0.713397695528999	0.439843445440526	0.660050498960088	0.935507377393223
COPA	0.795141430502631	0.313770547568898	1.53371864513446	0.20458155644407	0.837899066447173	0.935507377393223
ERCC3	0.79219453233064	0.313376223757202	1.55314358011004	0.201768997902306	0.840097319145783	0.935507377393223
RSF1	1.64726179251591	0.310925236332997	1.18279553544476	0.262873190687248	0.792648320523565	0.935507377393223
RSU1	0.773575159041533	0.310317622426034	1.63054461685378	0.190315321162329	0.849062048507564	0.935507377393223
MTA3	0.800387657899919	0.309724010248865	1.56226950462818	0.198252612197394	0.842847425720624	0.935507377393223
ZNHIT1	5.97221178321631	0.309421985180271	0.684684648074642	0.451918976203683	0.65132735336241	0.935507377393223
CPNE1	0.791239864365892	0.308900980059119	1.71570107692481	0.180043589302157	0.857118347985609	0.935507377393223
CYCS	5.51468091825654	0.308509472534549	0.867764073049254	0.355522292425027	0.722198347380369	0.935507377393223
CYB561D2	0.767996604921333	0.308248897762505	1.58214242859282	0.194830055873457	0.845525991957539	0.935507377393223
KIAA2013	0.759505966643282	0.308248762523351	1.513273173039	0.203696707253666	0.838590515483132	0.935507377393223
DYNLL1	13.0196370276671	0.308198382660857	0.694444870578224	0.443805398698155	0.657183284859865	0.935507377393223
ZDHHC6	0.793087174012139	0.307758735158362	1.52773040080904	0.201448328183679	0.84034802924696	0.935507377393223
UBE2J1	1.58548288871793	0.306833217441337	1.1360798782638	0.270080672417375	0.78709819094638	0.935507377393223
TMEM170A	1.5903122025227	0.306074646264469	1.13371802774186	0.269974225314304	0.787180082791304	0.935507377393223
ANKRD39	6.81188535098287	0.305547644548662	0.711685408925086	0.429329645819428	0.667683345307013	0.935507377393223
NDUFS4	2.3935564589897	0.305425887917615	0.996321460341241	0.306553557335809	0.759183208382266	0.935507377393223
C19orf70	1.53213575355217	0.305422564967379	1.13472155202815	0.2691608037421	0.787805941608166	0.935507377393223
GOSR2	1.58145096059011	0.303515460358318	1.17055581763699	0.259291744814892	0.795410148347796	0.935507377393223
PDXDC1	0.815109464451236	0.303375387485917	1.53734543013704	0.197337164139405	0.843563698328097	0.935507377393223
MSI2	0.799125510439951	0.303036024047248	1.65269364908689	0.183358860376014	0.854516453236804	0.935507377393223
MKRN2	0.788094493371824	0.302288459106921	1.56771297981617	0.192821302750436	0.847098919376688	0.935507377393223
C20orf24	9.18862745628826	0.302131950534801	0.632078679927341	0.477997376164517	0.632652072545759	0.935507377393223
TUFM	6.82770386897554	0.300744289763098	0.709221471185637	0.424048484122076	0.671530454509217	0.935507377393223
RAD50	0.84237400247454	0.300177052894368	1.65220414722917	0.181682786233033	0.855831675730271	0.935507377393223
ELF1	0.82926461180699	0.299560102249308	1.64069764944882	0.182580929734337	0.855126848672526	0.935507377393223
LLPH	2.44758167860433	0.299277566811641	1.02775565297657	0.291195252436588	0.770901993333014	0.935507377393223
RP5-1159O4.1	0.749270319247174	0.299108823840227	1.70726244955563	0.175197916359069	0.860924121516751	0.935982063924084
OSER1	2.38183407665927	0.298956243936035	1.00788202864038	0.296618290078376	0.7667579455245	0.935507377393223
SIRT2	0.774925450599304	0.29818096629573	1.55538763977978	0.191708458180848	0.847970580211278	0.935507377393223
COX7B	4.62728695777004	0.297821057015467	0.800483749395461	0.372051346751745	0.709854619800078	0.935507377393223
SRSF9	12.3109314413005	0.297812588630611	0.514986766992324	0.578291730426251	0.563067176595765	0.935507377393223
RPL12	222.224001302947	0.295478654657442	0.376050040644091	0.785742913765818	0.432018116647559	0.935507377393223
RGS10	0.77283023105116	0.292760186546561	1.60264838634723	0.182672749082425	0.85505479902685	0.935507377393223
CEBPB	3.18879517334749	0.292071867518266	0.871434880076977	0.335162011752922	0.737502876582833	0.935507377393223
FKBP2	6.08251562569743	0.291903653593006	0.721033545624075	0.404840600502651	0.685594682839178	0.935507377393223
RPL22	13.5937826310769	0.291656421902477	0.416076437629505	0.700968369091312	0.483322755347701	0.935507377393223
GSTO1	1.61508797194304	0.289872071698525	1.26449714845074	0.229239007817199	0.818683155844467	0.935507377393223
TSPAN9	0.756507182569673	0.289411365830104	1.59867428596539	0.181032101642479	0.856342378825269	0.935507377393223
BLVRB	17.5958653403414	0.289346025125953	0.909483473821329	0.318143246638912	0.750376280384339	0.935507377393223
GDI2	2.42296037275726	0.289016126249092	1.05092973566914	0.275009942567731	0.783308599663286	0.935507377393223
RAB7A	5.60682328087528	0.28861668169125	0.84175735961788	0.342873962898607	0.731693280318508	0.935507377393223
NDUFB11	7.6791192496664	0.287919282271028	0.586424408465623	0.490974246833223	0.623444662308084	0.935507377393223
CSNK1G3	0.817979766133389	0.287579604180868	1.56242488283071	0.184059795348273	0.853966546228851	0.935507377393223
ATP6V1G1	27.146408132333	0.287324671971577	0.520570559375767	0.551941839192975	0.580988201756144	0.935507377393223
RITA1	2.34489392067878	0.28707352013761	1.00086131803426	0.286826471325155	0.774245192983848	0.935507377393223
MMAB	0.773395941409359	0.28612537247611	1.55105664462671	0.184471259297543	0.853643771980791	0.935507377393223
SYNGR2	2.32123594766483	0.286118734172836	0.929224296495025	0.307911378611232	0.7581497672955	0.935507377393223
NUDT22	1.54817370189863	0.285587783701435	1.16074329275926	0.24603871112841	0.805652266214128	0.935507377393223
SMAD3	0.813047260938608	0.285036874229435	1.62800426127865	0.175083616799359	0.861013931327595	0.935982063924084
RPL27	44.7820673093178	0.28356358876629	0.284404826565333	0.99704211138326	0.318744069790396	0.935507377393223
FKBP3	1.62440919996467	0.28246746044451	1.24468045441285	0.226939741395521	0.820470598978764	0.935507377393223
DYNC1LI1	0.849534222118345	0.281862731490325	1.67512815179075	0.168263384021699	0.866376078430923	0.938401051997304
HCCS	2.41256024000007	0.281692962932927	0.989613795257889	0.284649389774845	0.775912768233497	0.935507377393223
NFU1	1.55845168989152	0.281414476383837	1.11490941577241	0.252410171088988	0.800724039224275	0.935507377393223
KRT19	3.07392948880768	0.280431823180025	1.45566015094875	0.192649240962769	0.847233678491055	0.935507377393223
BTG1	3.24247330698832	0.280296661264773	1.0196674162793	0.274890279702725	0.783400535250748	0.935507377393223
EGFL7	5.42825824382026	0.280229547143197	0.74918890508576	0.374043909674716	0.708371648145234	0.935507377393223
GPX4	9.24605843094847	0.279304870326843	0.740942342236054	0.376958981024005	0.706204088447318	0.935507377393223
MRPL27	3.96108594526545	0.279037676572979	0.825319142576153	0.338096697602324	0.735290319097734	0.935507377393223
DRAM2	0.766194252881834	0.278997006551329	1.53841986798508	0.181352966350298	0.85609053407197	0.935507377393223
PRR14	0.797743848989643	0.278230465709775	1.60802112796638	0.173026623139986	0.86263050099058	0.936448153830189
NOL8	0.859760275025699	0.277576598472979	1.70836291865772	0.16248104863519	0.870927050968001	0.941356278856445
PTPN12	0.824109073648215	0.276455120874125	1.61154223847973	0.171546928323096	0.86379373382376	0.937321853277936
SEPHS2	9.55081942563713	0.274497861169513	0.684574067718736	0.400976131164661	0.688437697313136	0.935507377393223
ERO1L	1.63785786435424	0.274398260782769	1.20231333444337	0.22822524954346	0.819471133064099	0.935507377393223
RFC1	0.847769041977204	0.273248138793122	1.60349664122173	0.170407677676786	0.864689534539924	0.937480849012924
DNAJC7	1.68335202673727	0.27317756642714	1.17250433562568	0.232986401949093	0.815771964912092	0.935507377393223
LRRFIP2	3.16951411388425	0.272594663883252	0.894457942893196	0.304759621231069	0.760549236981512	0.935507377393223
SFSWAP	0.849250314706962	0.269934108143618	1.5755337519155	0.171328673737036	0.863965335403506	0.93733433462907
ARF4	4.80231690380946	0.269684426203601	0.97097183627319	0.277746908951254	0.78120664860305	0.935507377393223
KDM2A	0.860002749820323	0.269090628549725	1.620236839035	0.166081045725385	0.868093170314828	0.93994017689054
YWHAE	6.6918430996874	0.268957696827602	0.880775824943912	0.305364531144721	0.760088532526379	0.935507377393223
DPM2	2.38038026995945	0.267663162703881	0.961951594423157	0.278250136759104	0.780820350246956	0.935507377393223
SNRPD2	5.62793558104158	0.26732365441157	0.70601836504475	0.37863555347406	0.704958516698579	0.935507377393223
CCND1	0.802145420557164	0.266638799503254	2.19749417395144	0.12133765935033	0.903423592518985	0.954219726804222
LSR	3.18230103539818	0.266593514272124	0.907736445929474	0.293690437866187	0.76899446173686	0.935507377393223
GSN	0.81408479451423	0.266275617440686	1.78868817893393	0.148866426567088	0.881659033686188	0.945886717000716
EMC10	1.68787404609451	0.265984403506788	1.22316482548614	0.217455896347473	0.827853074207412	0.935507377393223
ANAPC10	0.817904470999121	0.26589682302057	1.5618147460008	0.170248631408705	0.864814607589139	0.937480849012924
ERGIC2	1.64572301114243	0.265473845919253	1.12962810709285	0.235009950843436	0.814201009839181	0.935507377393223
TAF13	2.5917333576832	0.26343430433291	1.13088684074692	0.232944884351929	0.815804204318869	0.935507377393223
SUPT7L	0.83574010796865	0.262644355249027	1.58255934983354	0.165961772793325	0.868187033806101	0.93994017689054
DIAPH1	0.846923121503542	0.260938525557469	1.69485974403653	0.153958772385501	0.877642242801493	0.94431378102767
PSMB4	12.7112246637613	0.259789206286523	0.53434149292743	0.486185725280754	0.626835491291814	0.935507377393223
SMAP1	2.43842521263241	0.259237088368877	1.02681365915108	0.252467510593111	0.800679723667885	0.935507377393223
GRB2	7.17048231572816	0.258448005842772	0.680063274401482	0.380035234324673	0.703919260614194	0.935507377393223
MCRS1	1.63628821053163	0.258313028848806	1.11551043608534	0.231564869760703	0.816875995747411	0.935507377393223
BID	3.95726797116082	0.257838398625065	0.814128373705342	0.316704842814365	0.751467573787703	0.935507377393223
SOCS2	0.814019761094048	0.25752201522109	1.67414288207512	0.153823199906264	0.877749140664605	0.94431378102767
P4HTM	0.826586886953548	0.255599820705268	1.70350985566478	0.150043053672573	0.880730647801308	0.945175030792528
SAP30BP	2.52099811021388	0.254985170102447	1.04015779859351	0.245140853096746	0.806347371557407	0.935507377393223
PRPF40A	3.37823787566913	0.254049860284993	0.985705432953373	0.257734057043602	0.796612160104319	0.935507377393223
ISG15	5.58145414167972	0.253541613342786	1.6198003732729	0.156526456917954	0.875618066653602	0.943819091054331
RAF1	0.832946798631946	0.253325686658327	1.52154523453218	0.166492379529035	0.867769479733272	0.939769523431375
DYNLT1	3.25583208764383	0.252116063676404	0.872166635475101	0.289068686443236	0.772528815732431	0.935507377393223
TPRKB	3.12794661972055	0.251486525758551	0.842522665487061	0.298492297074485	0.765327454363297	0.935507377393223
ACTB	47.8207664304014	0.251122002709072	0.830863517093327	0.302242182431588	0.762467450021243	0.935507377393223
HNRNPA3	2.48890761741148	0.249601675705268	1.09087409165833	0.228808876857483	0.819017467071567	0.935507377393223
ZNF322	0.869541448870401	0.2489963041685	1.59297709148478	0.156308779014779	0.875789636743686	0.943819091054331
PIM3	1.67214165940706	0.248284024959497	1.17115554627803	0.211999188108318	0.832107667723412	0.935507377393223
SIN3B	0.774651439746978	0.248126310869034	1.58530594678021	0.156516356589076	0.875626027434975	0.943819091054331
UBA52	42.6027619682263	0.247450764361411	0.306019330746136	0.808611546721825	0.418738620961302	0.935507377393223
ROCK1	0.86590596098219	0.246386554647553	1.62159314636585	0.15194104341137	0.87923343612592	0.944933248498205
RNMT	0.877990773505746	0.245790307636859	1.5736660339197	0.156189624951517	0.875883554460441	0.943819091054331
SUB1	11.2736851366352	0.245331080800394	0.589338958287945	0.416281797343062	0.677203810717066	0.935507377393223
TBCA	31.7774352196131	0.245307697811019	0.442321338451459	0.554591597750692	0.579174037423284	0.935507377393223
POP7	3.20738524873433	0.244937864585209	0.860004905608218	0.284809845836848	0.77578982861641	0.935507377393223
PSMG4	0.798556525702082	0.244935657086912	1.5689977412361	0.15610963014768	0.875946607670532	0.943819091054331
PRDX6	13.428911035076	0.244645317798841	0.689091179727228	0.355026047344971	0.722570077716378	0.935507377393223
RAE1	2.55636860859838	0.244110825779603	1.26478030021457	0.193006505349734	0.846953873350217	0.935507377393223
AHNAK	0.822644073440182	0.24349646811578	1.80420044350213	0.134960873661648	0.89264280952967	0.950478597512744
SHFM1	19.1832772283249	0.242652024606978	0.655279828809166	0.370302905627276	0.711156809084494	0.935507377393223
MT-ATP6	37.1817982324386	0.241824971915102	0.633538941459444	0.381704984634448	0.702680202348368	0.935507377393223
OTUD5	0.817200325375014	0.240799550281136	1.56136354986157	0.15422388354236	0.877433211131051	0.94431378102767
CCNY	0.794026024767222	0.240350521307385	1.53305723967091	0.156778569702316	0.875419362871385	0.943819091054331
RP11-532F12.5	0.788626865298987	0.240051043757658	1.54587142262073	0.155285258686455	0.876596436509411	0.944237871651951
PTRH2	0.845838391743867	0.2388725533035	1.52983066822016	0.156143132874575	0.875920200178495	0.943819091054331
ATL3	0.823376075596854	0.238729293577285	1.55504315803753	0.153519400631016	0.877988692161927	0.94431378102767
EIF4EBP1	1.61426647776944	0.238544168260287	1.34168058001029	0.177795051828548	0.858883933505942	0.935690336437008
EIF4B	6.3727187830369	0.238018229374891	0.691473933465222	0.34421865793566	0.730681851709	0.935507377393223
HSPA9	3.39572241500472	0.237492484730407	1.04110665287662	0.228115423212604	0.819556510180191	0.935507377393223
RAB21	3.36703432761568	0.237405717271427	0.922393370691044	0.257380120906079	0.796885347313976	0.935507377393223
UBA2	0.857744238446945	0.237300690905939	1.57374339309062	0.150787410417598	0.880143417740368	0.945102027573597
TIMM13	3.17852028605303	0.236241690819905	0.860644066554457	0.27449406787371	0.783704961768231	0.935507377393223
SLC25A6	41.5077777697165	0.235437782670525	0.421018200148321	0.559210463081126	0.576018093196375	0.935507377393223
HTATIP2	4.93151046599804	0.234616521249206	0.840329599397575	0.279195831513492	0.780094542470354	0.935507377393223
TMEM18	2.44395859023145	0.234511368422318	0.932141661950875	0.251583399814477	0.801363091024097	0.935507377393223
TMEM127	0.837091635870917	0.233504570019878	1.52628828361291	0.152988509790001	0.878407336479829	0.944500141276675
LGALS3	15.0176932999694	0.23332050662917	0.680875842694806	0.342677022738422	0.73184145043566	0.935507377393223
SNX21	0.78910179611337	0.233145816246794	1.59262073219178	0.14639129802482	0.883612496477437	0.946437855433024
RPS3A	75.6218034255963	0.231107756162725	0.279787911673739	0.826010511963147	0.408798128768469	0.935507377393223
SNAP29	1.64061089971942	0.229447748801105	1.12496992866178	0.203959006330105	0.83838553369991	0.935507377393223
MRPL19	2.51390717838919	0.22940199333578	0.92746276288414	0.247343615847613	0.80464230660241	0.935507377393223
C12orf65	0.815544219988044	0.229240086328943	1.57626963449781	0.145432025912227	0.884369780428892	0.946788608667931
PSMC6	5.86075414368984	0.229109877084732	0.805474040753256	0.284441044022318	0.776072408767766	0.935507377393223
PTOV1	1.65791428103896	0.22862906627622	1.16459872680488	0.196315744654361	0.844363038713905	0.935507377393223
GNB2L1	116.675333097538	0.228590105200107	0.314053772368097	0.72786931829044	0.466693586472293	0.935507377393223
POLR2J	13.6196949508389	0.228345840885617	0.501002047822819	0.455778258547901	0.648549439835976	0.935507377393223
ARL6IP5	0.855828637412706	0.227839105875968	1.69659489054042	0.134291991061811	0.893171686084856	0.950763248627223
DNAJB6	9.10830896632268	0.227765257201027	0.767010216371491	0.2969520514062	0.766503116182381	0.935507377393223
SMIM20	0.827669405733348	0.226491999076326	1.56042950635926	0.145147216297371	0.884594639767742	0.946788608667931
NR2F6	0.805512144109852	0.22648758322993	1.56020629317768	0.145165151698396	0.884580479358925	0.946788608667931
CYB5R3	0.805411332659398	0.225948247090908	1.56607107263613	0.144277134696431	0.885281633254199	0.947103342219428
CAMTA1	3.25151921989996	0.22571547421808	0.807069481831432	0.279672914537516	0.779728460458465	0.935507377393223
TMEM59	4.95081817848427	0.225435161007189	0.857902224706793	0.262774887994068	0.792724091993332	0.935507377393223
CCNL1	0.927466069191769	0.225037470392957	1.68345023088422	0.133676342944072	0.893658512837738	0.950839210636088
SEC13	4.15860999674861	0.224721285062225	0.75911301410207	0.296031395704684	0.76720610506627	0.935507377393223
SNRPB	6.5301882689721	0.224066411532814	0.696172741608206	0.321854617598508	0.747562835097166	0.935507377393223
FAM104A	1.65958242658111	0.221362354605498	1.06703749155682	0.207455086027509	0.835654465760005	0.935507377393223
PARP1	1.70176563974578	0.22076567481756	1.24284984417625	0.177628597575182	0.859014664066704	0.935690336437008
CHD4	0.85331086482616	0.22009166738693	1.58062444592749	0.139243491997103	0.889257741591863	0.948618838695185
ZNF394	0.848986358294921	0.21992048316705	1.56429793351608	0.14058733854665	0.888195951262867	0.948532637519341
RBM18	1.67264222599049	0.219470002108691	1.12391736805868	0.195272364629241	0.845179730435736	0.935507377393223
WDR45B	2.57115865541961	0.219150850072509	0.960973011429033	0.228050993593063	0.81960659766288	0.935507377393223
RER1	3.29495130441936	0.218861868416855	0.872762645502395	0.250769060230424	0.801992663721161	0.935507377393223
TACSTD2	1.62420001263256	0.218374441016763	1.64352321443491	0.132869702781683	0.894296428092384	0.950839210636088
DDX56	1.69089587459707	0.218208690977386	1.26809098475488	0.172076525738858	0.863377367222069	0.937118244128307
NAA10	9.65483017961523	0.218062588660171	0.586304752731854	0.37192703563142	0.709947175268714	0.935507377393223
PPAP2C	1.67395959023545	0.217225393329553	1.17478846326728	0.184905964028123	0.853302793039903	0.935507377393223
METTL5	3.30359898799179	0.216445929304409	0.872250282353422	0.248146585542415	0.804020992485771	0.935507377393223
MGAT1	0.847018791571026	0.212887179321428	1.54419576141167	0.137862818070949	0.890348836629157	0.948737077048606
MORF4L2	7.55015722071562	0.212774120953639	0.818182571713987	0.260057019435045	0.794819791026891	0.935507377393223
ANAPC11	4.90138240631	0.212465461676433	0.832469809541208	0.25522302339532	0.798550849666764	0.935507377393223
SHARPIN	1.69763671894363	0.211535352190392	1.20167460955399	0.176033803584236	0.860267385681843	0.93598176241059
GSK3A	1.65227768913189	0.210877420430767	1.09894806810768	0.19189025082312	0.847828174250256	0.935507377393223
RRP36	2.47660629792361	0.210675894270141	0.998218689837319	0.211051843063042	0.832846817424347	0.935507377393223
RTN3	2.56113609877444	0.210368920026678	1.05269823828101	0.199837819022286	0.841607422551228	0.935507377393223
EIF3E	13.7528686242943	0.210105131578792	0.562573563379571	0.373471391575208	0.708797633767306	0.935507377393223
PDAP1	7.49200408767229	0.210104182983551	0.67655263692712	0.310551125686003	0.756141887155768	0.935507377393223
RP11-51O6.1	1.57782429886882	0.208291912044466	1.07743324075654	0.193322336981371	0.846706533907089	0.935507377393223
CCT4	4.2031406552929	0.206384072264339	0.908746669305443	0.227108477241604	0.820339392386088	0.935507377393223
MRPL18	6.63474516700482	0.206222086291163	0.849456029318964	0.242769583325575	0.808183899741631	0.935507377393223
UBE3A	0.903834683888822	0.206115593665639	1.62793425682117	0.12661174295092	0.899247702214418	0.952550270379307
ZDHHC16	0.851980125505401	0.205438040016986	1.5427853201486	0.133160484050495	0.894066461633505	0.950839210636088
TAF7	4.38577104345355	0.204855665027997	0.952434376061203	0.215086383037936	0.829699970223574	0.935507377393223
ERP44	1.73497141064101	0.204460195402825	1.24819867411603	0.163804208130267	0.869885278820253	0.940682246845246
NDUFAF4	0.865906711030473	0.203789436081993	1.63602726334281	0.124563594169941	0.900869051501071	0.953202240474722
THUMPD1	0.926731089882375	0.20363901798385	1.61182834075038	0.126340388014922	0.89946248736688	0.952550270379307
FLYWCH1	0.850452479234014	0.202671141747094	1.55575376093868	0.130271992159485	0.896351238232227	0.952087913599574
IDH3B	1.67572500413133	0.202255107639045	1.19340747998444	0.169476990073568	0.86542146981289	0.937647984449656
HSD17B10	5.74604028353492	0.201692085273914	0.747823081169532	0.269705616679395	0.787386739144554	0.935507377393223
FOXA1	3.42090809679145	0.200825138145956	1.00430827151537	0.199963640489526	0.841509017467035	0.935507377393223
SPTAN1	0.876109576202707	0.200460652170517	1.59395625452344	0.125762957171274	0.899919564795944	0.952733896627997
TRAF7	0.826794364283295	0.199449132807663	1.54147141118732	0.129388797846103	0.897050011194961	0.952403684638321
BCAS4	1.64249581945681	0.199447678558635	1.21005594070838	0.16482517200145	0.869081590624098	0.940345500793484
TMEM223	0.83961057366419	0.19908997496103	1.60463159262238	0.124072077277044	0.901258206408666	0.953247565158275
DPY30	4.15744944159546	0.198525210592628	0.824516124675049	0.240777838845625	0.809727306425823	0.935507377393223
BRMS1	3.37663687915654	0.197303689409907	0.864541895586032	0.22821761492098	0.819477068020179	0.935507377393223
GNL3	1.74073935475094	0.196649072910362	1.22517000838397	0.160507579817227	0.872481251207937	0.942472651252553
ZCCHC17	4.22067849810402	0.196004374611401	0.807241893411654	0.242807485849162	0.808154536218145	0.935507377393223
LDOC1	0.817938860112818	0.195820714142489	1.55909194606622	0.125599208331855	0.900049189653279	0.952733896627997
XRCC6	2.57024416230438	0.194791318671213	1.08250020039669	0.179945757608017	0.85719515209921	0.935507377393223
CEP170B	0.844847445616104	0.194677287885781	1.55176296824432	0.125455557240189	0.900162907172241	0.952733896627997
MRPL22	4.18120993431318	0.194336884040525	0.834944369767762	0.232754290078726	0.815952209328997	0.935507377393223
PITPNC1	0.832639316469969	0.193918921405676	1.79462429266481	0.108055442132531	0.913951713156674	0.959324261552607
ZNF277	0.838794016478827	0.193656660418266	1.52521827524339	0.126969800691224	0.898964300620545	0.952550270379307
CDC37L1	0.87447059137364	0.193364082188335	1.62907679328829	0.118695498570101	0.905516602957515	0.954906016623274
ITSN2	0.900071950750377	0.193143386317633	1.61648091874609	0.119483864039332	0.904892023083888	0.954679598856525
GATC	0.875282919918671	0.192202815634614	1.52747400776807	0.125830498363412	0.899866099439318	0.952733896627997
COPS5	1.69713789466149	0.191969753855345	1.10825151115195	0.173218580731557	0.86247961909254	0.936448153830189
SRSF2	4.30669877696853	0.1907607128465	0.856870300862122	0.22262495578919	0.823827411926361	0.935507377393223
HN1	11.5215043028795	0.190441977003827	0.701990467322173	0.271288551439012	0.786169111050369	0.935507377393223
CLIP1	1.81130255053408	0.190221759259597	1.24706086297847	0.152536066928821	0.87876414595709	0.944743315405251
SSU72	2.54073513651137	0.190104192841003	0.994012596562717	0.191249279434064	0.848330296675264	0.935507377393223
ATP9A	0.865374640375562	0.190085759018347	1.56648773033554	0.121345194946168	0.903417624084388	0.954219726804222
SARS	2.57205985079583	0.189929906232997	0.983069311649113	0.193200930984599	0.846801609652249	0.935507377393223
PTRH1	1.70196212593465	0.18989747921246	1.20080736108188	0.158141501598867	0.874345298504643	0.943358826243968
ATG12	2.58226065017643	0.189252631695571	0.909676933670877	0.208043784216742	0.835194780352038	0.935507377393223
MAP7	2.56685853286751	0.187742452682883	1.0151214736904	0.184945799639485	0.853271547672363	0.935507377393223
PIGBOS1	0.876630147465419	0.187455347028017	1.56399157855426	0.119857005369108	0.90459642361769	0.954679598856525
CDC37	7.48117354323139	0.186603061198409	0.701427600181231	0.266033245840619	0.790213604835686	0.935507377393223
NFKBIB	0.876302324486163	0.185257298006442	1.59201776064768	0.116366351296906	0.907362201962415	0.956287981056258
ECHS1	5.02552265136382	0.185241648934953	0.781637559469219	0.23699174469142	0.812663194634085	0.935507377393223
TMEM219	1.67722727785943	0.185086787926895	1.1786266391068	0.15703597881273	0.87521649286996	0.943819091054331
MORN2	1.70592891331727	0.184996909841906	1.15949394512263	0.159549698918298	0.873235805682395	0.942709619732221
TRIM33	4.38944785563075	0.184681134284941	0.821376542396295	0.224843448470235	0.822101064350805	0.935507377393223
PDXK	3.32703000611774	0.184071010921574	0.908558911347387	0.202596671082778	0.839450292137442	0.935507377393223
KARS	2.58586647627477	0.183856505748899	0.95900305729893	0.191716287398225	0.847964447147758	0.935507377393223
RPL10A	74.196149235909	0.18301318215131	0.310034185007938	0.590300008841361	0.554989533462592	0.935507377393223
C9orf16	3.30887020579519	0.182788755088431	0.882912781336954	0.207029232051259	0.835987029151366	0.935507377393223
SEPW1	5.94155918015396	0.180953976814284	0.929276614778991	0.194725632751794	0.845607743981335	0.935507377393223
POP1	0.879277702596725	0.180286895455348	1.572391822927	0.114657741681552	0.90871641020433	0.956936151502219
SPSB3	0.849641553793731	0.180158823048619	1.57642626398305	0.11428306363878	0.909013407789977	0.957058234089884
RPS24	63.371896385909	0.179757174667295	0.335239904751833	0.536204586981862	0.591817163699676	0.935507377393223
MBOAT7	1.75667998975848	0.179277064563348	1.41783109746141	0.126444584890499	0.899380011703491	0.952550270379307
UQCRB	19.0299597075859	0.178594372782726	0.441575017322802	0.404448543908836	0.685882909223618	0.935507377393223
MIF	3.33609390896991	0.178503530176991	0.852623858493352	0.209357887887889	0.834168864863638	0.935507377393223
UBE2R2	3.42450304232862	0.178228556015481	0.826889235589763	0.215541028162451	0.829345527837275	0.935507377393223
SAC3D1	0.85242632136581	0.178097074969385	1.60477712012487	0.110979320888827	0.911632744962168	0.958002670952106
PPP2CB	1.7297256702931	0.176988756769947	1.13908265960927	0.15537832595104	0.87652307002828	0.944237871651951
TMEM14A	0.872561847451591	0.176511719201212	1.55384943637818	0.113596410996317	0.909557732545284	0.957175321413386
ICA1	1.75245470371477	0.176347810163466	1.20391661942007	0.146478424933127	0.883543720615829	0.946437855433024
HMGN2	4.3569814001032	0.174458231605002	0.996589321007166	0.175055289001785	0.861036189907759	0.935982063924084
RPE	0.876742200846889	0.174410423304255	1.5755597393648	0.11069743593129	0.911856279315121	0.958098337071729
RPSA	88.3398974653751	0.173990786547091	0.407784296776018	0.42667358189778	0.669617095097838	0.935507377393223
SCAND1	2.58233497798478	0.173783485726136	1.05093635905846	0.165360617917749	0.868660149244577	0.940030161506666
COX4I1	38.9620123674823	0.173198377604238	0.382020022265703	0.453375130908126	0.650278640993041	0.935507377393223
MAPK3	0.842221826763758	0.172857554163985	1.5300657159652	0.112973941158431	0.910051214868902	0.957175321413386
AIMP2	0.883558154593025	0.172834063732394	1.67894623645464	0.102941988242197	0.918009012900165	0.960759559052438
PDCD2	2.58059989894687	0.172748033296724	0.992780945993937	0.174004178861204	0.861862178076683	0.936176267038079
TMBIM6	8.53619440905056	0.172551401623007	0.844747453079171	0.204263890934555	0.838147285911257	0.935507377393223
MYDGF	5.00272938869667	0.172041064236249	0.723537190454215	0.237777776327222	0.812053456301883	0.935507377393223
TIMM23	0.901601085021822	0.171798701326591	1.57088562126662	0.109364233143892	0.912913601361502	0.958373729884585
H2AFY	6.87241165906247	0.171761227920892	0.741725425031519	0.231569826413317	0.816872145537898	0.935507377393223
WWP1	0.909321533614032	0.1715375913425	1.59025728229946	0.107867823182964	0.91410054153679	0.959341221459002
MIDN	1.75625599726045	0.171166289750261	1.16494032905741	0.146931379643073	0.883186183342681	0.946401791901441
C7orf49	1.75748842302088	0.169788935181601	1.15148991947342	0.14745151677858	0.882775645351136	0.946242320120674
RPS17	209.839062174104	0.169403311204191	0.273439104788058	0.619528473571822	0.535568270183049	0.935507377393223
PPP1R16A	0.876421467157068	0.169225052582281	1.5239330651095	0.111044937902257	0.911580711770611	0.958002670952106
BCL7C	3.32821299016303	0.168875936644429	0.88069232446516	0.191753614688293	0.847935206721932	0.935507377393223
DDX18	2.58703324313047	0.16813297348487	0.954270552078518	0.17619004706648	0.860144639763374	0.93598176241059
SNX6	1.78439628337339	0.16802358284756	1.14712003320597	0.146474281665161	0.883546991190882	0.946437855433024
WBP4	1.8002616302191	0.167836250172489	1.14869249378009	0.146110687656866	0.88383400943433	0.946534911466179
CMPK1	1.79649184166143	0.166629264357046	1.15991198072296	0.143656818039924	0.885771471619754	0.947347065712534
MRPL32	2.5824275293335	0.166377465695752	0.979829109100963	0.169802534085164	0.865165433960413	0.937511052445338
POMP	45.9106749925929	0.166376122935352	0.552835050510081	0.300950749743241	0.763452050410049	0.935507377393223
EIF6	5.15070989802683	0.165617552444919	0.810733785051444	0.204281054396186	0.83813387420635	0.935507377393223
MED8	1.71302277322131	0.165467516002391	1.15792130012631	0.142900485537611	0.886368775105371	0.947565436544491
TERF1	0.876868918841352	0.163796076479029	1.53986500140575	0.106370413204728	0.915288466713939	0.960006737420361
STAG3L3	0.898839946669256	0.16315693776524	1.53938982849481	0.105988057570039	0.915591827491642	0.960006737420361
ERCC1	0.867354226118884	0.163028183455536	1.55891100926005	0.104578248846237	0.916710474953938	0.960407627411175
MARVELD3	0.917116272793671	0.162559288789417	1.58554869098205	0.102525573458568	0.918339515116371	0.960759559052438
MRPL49	0.905701124889813	0.161896231380489	1.68190184441346	0.0962578356865694	0.923315797778072	0.96314145033659
NUDCD2	0.86965089301264	0.161258856038214	1.55210811586602	0.103896664407451	0.917251354200265	0.960602841885347
RPS2	242.456564776081	0.159938374161265	0.463410660776812	0.345133135032244	0.729994284005427	0.935507377393223
UCK1	0.882992330102495	0.159583515558884	1.53821407179792	0.103745972998646	0.917370942296736	0.960602841885347
UBL3	1.79005277121572	0.159142059545353	1.23496941391834	0.128863158675665	0.897465928671335	0.95252842069902
RPL36A	14.0601591951178	0.158895951438204	0.436406457296265	0.364100825690426	0.715782720272256	0.935507377393223
JUNB	0.874337950348275	0.158826554056602	1.88053355285323	0.0844582399583475	0.932692103850348	0.968139085531
SNHG16	3.40088703444939	0.158811408761998	0.83425277233335	0.19036365718967	0.849024174264559	0.935507377393223
KHDRBS1	1.80599761726118	0.157565567892582	1.17718687714501	0.133849239191929	0.89352179023232	0.950839210636088
NOL7	6.88610157121367	0.157260410678648	0.738742913227949	0.212875694457082	0.831423920884059	0.935507377393223
TMEM258	5.08203797635069	0.156002716598473	0.699639517652635	0.222975850652174	0.823554301753989	0.935507377393223
MAP3K13	1.73694501691853	0.155109035080409	1.14910116838728	0.134982923477572	0.892625375845714	0.950478597512744
ULBP2	0.881949198778674	0.154727167462038	1.79197682411705	0.0863444021036799	0.931192642474227	0.967669729175735
CREG1	0.853813014887938	0.154701122574519	1.5095621942735	0.1024807875829	0.918375061840748	0.960759559052438
MAP1LC3B	20.3885574534115	0.153566800476373	0.59819272437275	0.256717934236662	0.797396525905419	0.935507377393223
BET1	0.863422859419646	0.153404515340484	1.5785448085758	0.0971809697812058	0.922582680419697	0.962741503893509
COX19	4.38888409531522	0.152582599908784	0.893666908592305	0.170737663487093	0.864430046456712	0.937480849012924
SENP6	0.924449276625592	0.150856676117697	1.53454896123096	0.098306851022	0.921688638206695	0.96227700590133
RHOD	3.42928075191466	0.150397891405009	0.995266548198765	0.151113178351266	0.879886437058226	0.945102027573597
MICALL2	0.888628219763537	0.150240365631202	1.5395032798174	0.0975901562541795	0.922257741364334	0.962593205514651
UGDH	0.898952141876269	0.147900810510203	1.77165882379703	0.0834815420009712	0.933468653505308	0.968305774856909
PRPF19	0.911217758464325	0.14773603204463	1.62312142063893	0.0910197044817972	0.927476934131733	0.965671088654652
WDR1	3.4656383058096	0.146542061716224	0.988022499823751	0.148318547140743	0.882091378741846	0.945929520937608
PSMA5	7.02748002965231	0.146054424513107	0.820173244050781	0.178077528830073	0.858662089353533	0.935690336437008
DNAJA2	0.906713419121148	0.145988139969438	1.57566540406558	0.0926517391273269	0.926180238609187	0.965015750055192
NOL11	0.911972846004601	0.144755206559438	1.58883277770052	0.0911078929079867	0.927406861095604	0.965671088654652
ARIH2	1.7921168852507	0.143910668441036	1.18766489678153	0.121171105444828	0.903555509968881	0.954219726804222
COX6B1	18.4068027255379	0.143904202798031	0.483791747717338	0.29745071815923	0.766122427342051	0.935507377393223
COPS2	1.73326924352418	0.142893130408232	1.11927343232082	0.127665971765221	0.898413320278572	0.952550270379307
TIMM17B	1.76539264005352	0.142856438076683	1.15507688617433	0.123676994827444	0.901571027260053	0.953247565158275
IMP3	2.62438853352138	0.140456335223869	0.931308884238489	0.15081605856119	0.880120818264581	0.945102027573597
RAB2A	5.28233858339604	0.140200495874096	0.809576851200727	0.173177500895878	0.862511908113098	0.936448153830189
RPLP0	55.2351753023823	0.138707577655163	0.392120716535849	0.353736927955659	0.723536045117814	0.935507377393223
NUS1	0.890693915846922	0.137427256412569	1.55821497573896	0.0881953122979047	0.929721443044494	0.966755213496511
GATAD1	0.924686085761652	0.136783588214287	1.57900064301563	0.086626683034817	0.930968255628028	0.96763424700967
ZBTB8OS	2.61470850994962	0.135946868315434	0.945530435036874	0.143778416090998	0.885675447230677	0.947347065712534
TCEB2	18.577217839105	0.135370179994348	0.492309878046817	0.274969457308908	0.783339703678205	0.935507377393223
NDUFA8	3.52417587965367	0.133170388036051	0.866608165453808	0.153668512881269	0.877871112923677	0.94431378102767
DDX3X	0.950025339008564	0.132563762627937	1.62376797465246	0.081639596726441	0.934933312739447	0.968831009518335
HDLBP	2.71967291032279	0.131238573875796	1.00911334540447	0.130053352751165	0.896524215696238	0.952087913599574
VMP1	24.3234777844185	0.130855192522251	0.592009801681906	0.221035516895987	0.825064778359708	0.935507377393223
PHPT1	5.99186858570917	0.130515827641717	0.768415175208282	0.169850663876257	0.865127581747132	0.937511052445338
C9orf89	7.70751822623912	0.130437503940676	0.796473610634679	0.163768770489125	0.869913177244387	0.940682246845246
UBE2B	3.61521562593663	0.129419802359295	0.917564128798877	0.141047146784944	0.887832696861104	0.948419595848163
AP1S1	5.1912414040866	0.128434312126429	0.789851910333932	0.162605559910756	0.870829009085244	0.941356278856445
UBE2D3	7.111413088989	0.127295037279414	0.666839618525086	0.190893032961906	0.848609398695166	0.935507377393223
TMEM123	0.921046742891284	0.127203733245084	1.54063968596115	0.082565530671584	0.934197010198782	0.968703550097616
IBTK	0.906809895579554	0.12606382489029	1.61740983647611	0.0779417943722585	0.937874353410762	0.970138490417866
ISG20L2	0.922618337091106	0.125979264766415	1.55977347793988	0.0807676669389238	0.935626722079253	0.969271751770069
MRPL12	3.48379968657873	0.125809297375707	0.879503183134244	0.143045869291077	0.88625395520652	0.947565436544491
ANKRD52	0.873746794924565	0.125123025771422	1.54059877090133	0.0812171398126062	0.935269268945687	0.969040275647838
SRRM1	3.69507413553066	0.125006407068714	0.946607341993064	0.132057297174049	0.894938971942187	0.951239296654594
EIF3F	5.89320735833714	0.124563426135046	0.654787726872252	0.190234821184038	0.849125125952775	0.935507377393223
PPDPF	29.0676914538064	0.12403566984716	0.596252570246249	0.208025383934084	0.835209147374587	0.935507377393223
PLOD3	0.9272778813729	0.123156738578665	1.69510946936558	0.0726541505456624	0.942081334636261	0.971920406727751
TSEN54	0.936279683338499	0.122847087832849	1.57778845185284	0.077860303571487	0.937939176671456	0.970138490417866
SIRT7	1.81167302005013	0.122725535645678	1.11379112962214	0.11018720869802	0.912260906481098	0.958105826400119
SMIM7	2.67580971697158	0.121966845540175	0.952154224126889	0.128095682873241	0.898073252472321	0.952550270379307
COX5A	12.9294125954695	0.121191401056026	0.531847220263086	0.227868824802876	0.819748219369074	0.935507377393223
CKAP4	0.930265151695649	0.12069205014174	1.58185026914547	0.0762980242162485	0.939181997710974	0.9706617525992
RPL13	277.603275235049	0.119260963809264	0.209768908392112	0.568534987970354	0.569671755123223	0.935507377393223
MRPS33	2.66473226428238	0.118343646224849	0.9279795586202	0.127528289955882	0.898522283828951	0.952550270379307
ASPSCR1	0.90801274884917	0.117874515607715	1.55009924945308	0.0760432053943025	0.939384724753036	0.9706617525992
KATNBL1	0.871157310338151	0.117576236738864	1.58385747267901	0.0742341017212805	0.940824111449273	0.971299783083061
VPS36	0.886736818275036	0.116472224442975	1.54963601925562	0.0751610203916938	0.940086597814053	0.970970745435426
DNAJC15	5.31529522371886	0.113697434190468	0.817989499558761	0.138996202581816	0.889453149820683	0.948618838695185
MRFAP1	5.41657810008289	0.113183297376264	0.759043722640634	0.149113014178566	0.881464456869667	0.945818294646766
ELOF1	3.54856755128726	0.112668159786211	0.8063459754069	0.139726821020413	0.888875834175846	0.948618838695185
HPCAL1	1.84003051238038	0.110493913854946	1.41341391577899	0.0781751988015825	0.937688690118285	0.970138490417866
RAB4A	1.74976026199379	0.11043695136472	1.11367243341709	0.0991646628316595	0.921007531502412	0.962260577993634
RPS7	93.6786423829028	0.108792923499752	0.299593095102274	0.363135617203102	0.716503579329052	0.935507377393223
RBM42	1.83694686355439	0.107667555345126	1.25080377425062	0.0860786940058855	0.931403860470629	0.967669729175735
TRIM16	0.968032611831222	0.10756203052335	1.76466139521622	0.0609533538926719	0.951396358138737	0.977230264757863
IFT27	0.880808058568601	0.106572643338647	1.56147515806266	0.068251257657453	0.945585624352934	0.974284646579661
POLE4	4.43747427626097	0.106043657150727	0.874888172458067	0.121208241794821	0.903526096242387	0.954219726804222
ASPH	0.893148983806622	0.103257949110034	1.78651687883837	0.0577984738533089	0.953909153837237	0.978122105983701
CD9	0.921131665854277	0.102886667669609	1.74325052131242	0.059020012563742	0.952936168174815	0.977840110484707
SUMO2	8.03801538934836	0.100579665167099	0.61356298715139	0.163927204334903	0.869788450824947	0.940682246845246
GMPR2	0.919806930814074	0.0998250385987202	1.59431355022284	0.0626131783078477	0.950074535237369	0.976456287298917
AAK1	2.76532388801737	0.0995564586978326	0.967736821860881	0.102875550923435	0.918061742262892	0.960759559052438
CD58	0.915264164877117	0.09941635770708	1.56103024446421	0.0636863751100497	0.949219953809283	0.976220948086321
YBX1	33.28255202592	0.0977782193085771	0.5189314651017	0.18842222120683	0.850545681658276	0.935507377393223
NDUFB6	0.922041780813161	0.0974528166915884	1.61492332945197	0.0603451661848611	0.951880730053177	0.977428224796155
SUMO3	8.04437684994801	0.0970576427879814	0.655556845330568	0.148053740082661	0.882300357070516	0.94601332769527
ATP5J	8.87268875191801	0.0969598364137834	0.652586990068937	0.148577642351621	0.881886915987222	0.945929520937608
WDR33	0.947995448280497	0.0961217082032201	1.58207012389504	0.0607569201588674	0.951552799634921	0.977230264757863
POLR3F	0.927002038632973	0.0955561863044421	1.54156507137943	0.0619864760032063	0.950573601876141	0.976779553100238
NDUFA1	6.20207023528374	0.0951766288694693	0.748391416512096	0.127174933824125	0.898801944183084	0.952550270379307
HNRNPA1	7.89197877999175	0.094547476526579	0.679426503933376	0.139157769058492	0.889325479142661	0.948618838695185
BACE2	0.92982333598801	0.0944523197934622	1.60108733008232	0.0589926095965082	0.952957994549265	0.977840110484707
MEAF6	1.83670877828255	0.0940441042870695	1.11964275374002	0.0839947420486822	0.933060612234205	0.968139085531
CD47	0.916661387703835	0.0938753184516887	1.62187544655356	0.0578807199105031	0.953843640654258	0.978122105983701
TMEM203	1.84369025305797	0.0937779123469485	1.13714109083789	0.0824681414668159	0.934274451442507	0.968703550097616
GAPDH	104.214631724758	0.0936925514078222	0.520457041367959	0.180019759482094	0.857137055788162	0.935507377393223
SNRPD3	3.595969836496	0.0927943569422643	0.92145316929849	0.1007043657063	0.919785145662822	0.961400171767544
CPSF6	0.900723045044628	0.0923217261436753	1.59407854996392	0.0579154183749381	0.953816001649596	0.978122105983701
MAN1A2	3.65530053777369	0.0910469387416611	0.861241689435748	0.105715898171757	0.915807766120454	0.960006737420361
MTATP6P1	1.86066528434091	0.0906506826850242	1.16098691878419	0.078080709798139	0.937763851692593	0.970138490417866
ARL6IP4	0.872455142026036	0.0906227347922405	1.58706939509544	0.0571006756681808	0.954464998197909	0.978462146125609
MKRN1	1.88286772202088	0.0894903264657115	1.12867169768632	0.0792881815404418	0.936803406471025	0.970073812429039
CST3	7.08451074110961	0.0889770871600888	0.774099482748456	0.114942703286887	0.908490537055902	0.956925720823194
AKAP17A	0.972755890810001	0.0884349106437669	1.61558612159214	0.0547385926765793	0.956346722928518	0.979926761158582
HSPA14	0.922295441424639	0.0878561789101695	1.59398827036539	0.0551172054045482	0.956045089049412	0.979756524789725
GRAMD1A	0.876437898343984	0.0850653888116086	1.56325146110772	0.054415678429196	0.956603987781647	0.980051492724439
RTFDC1	5.50049580295636	0.0846579147465976	0.809476507174701	0.104583535156662	0.916706280091254	0.960407627411175
NUDT5	2.76143007327022	0.0845734374825796	1.01544056464981	0.0832874324965991	0.933622992988849	0.968305774856909
PSMC3	7.25449574209366	0.083687666573101	0.757451041336944	0.110485908667295	0.912024024703506	0.958105826400119
CHPT1	0.924661162119367	0.0836782317257763	1.66816092856987	0.0501619659666257	0.959993320139051	0.981967409575634
C9orf114	0.918311459653743	0.082969219956319	1.54016040842328	0.05387050563211	0.957038335627441	0.980357586757618
GNB2	7.96101410045882	0.082905782817392	0.601009047449123	0.137944317426287	0.890284424944184	0.948737077048606
PSMC5	20.5187061148204	0.082649798354286	0.560026222415511	0.147582014995298	0.882672649612983	0.946242320120674
SLC3A2	3.75547536511735	0.0821625362472829	1.26460904737167	0.0649707009593575	0.948197328198318	0.975446703685024
RPL31	50.5205659653856	0.0813060549107426	0.32815479887793	0.247767380482488	0.804314394703089	0.935507377393223
NGDN	1.89788278918417	0.0812144205653145	1.2032984001507	0.0674931675760086	0.946189101108913	0.974351095146475
PRRC2B	0.948300725379708	0.080290740215285	1.59392994736986	0.0503728161628261	0.959825298436835	0.981967409575634
LAGE3	2.72829048984122	0.0800799923861288	1.08261068196168	0.0739693351639804	0.941034785390077	0.971299783083061
PCMT1	3.70469451237189	0.0789499618372392	1.01956650680478	0.0774348326571265	0.938277631506514	0.970319365449143
EXOSC1	1.8468102214353	0.0782140669949271	1.14245066972139	0.068461657967255	0.945418140943842	0.974250901690882
COX5B	16.0196417433306	0.0779502945863925	0.51926630717169	0.150116218806816	0.880672924224637	0.945175030792528
ENSA	9.03506151641209	0.0755155742190081	0.626933998173291	0.120452191840033	0.904124949210057	0.954552125527511
CAV2	0.913618736322742	0.0747658963029621	1.63350160350417	0.0457703231772623	0.963493312685385	0.983903423814153
RPL15	101.013710742368	0.0738420010304442	0.344858667807905	0.21412250270472	0.830451528105598	0.935507377393223
EEF2	24.5405831896082	0.0720535198191149	0.567792149779084	0.126901225822071	0.899018576420991	0.952550270379307
RNF7	8.97121792773425	0.070723236220831	0.622148317098175	0.113675845899091	0.909494760562141	0.957175321413386
RPS27A	144.619853087658	0.0694523930931397	0.222376009442114	0.312319630464538	0.754797622735519	0.935507377393223
HRSP12	0.913407206987895	0.0690201950775106	1.5540033387402	0.044414444523307	0.964574047946308	0.984384454941421
BLCAP	0.938416613941293	0.067116059327453	1.53049864828504	0.0438524133312096	0.965022047441115	0.984384454941421
RPS16	78.9901970773759	0.0669128342877835	0.320938485374542	0.208491151223871	0.834845491137808	0.935507377393223
KRT10	9.88346840341497	0.0662326327005804	0.698281012649101	0.0948509718878229	0.92443319962894	0.964028910660061
SREK1	0.990110714411668	0.0655258345244345	1.6396609652229	0.0399630386489848	0.968122593624158	0.986687386357412
PDIA3	1.8794179790267	0.0650086538311097	1.3133575257964	0.0494980632114547	0.960522380643022	0.981978981256849
ATP5A1	2.7664876034911	0.0639113954768865	1.04957011059581	0.0608929263816461	0.951444482923229	0.977230264757863
BRD4	3.77388124595073	0.0638898026231752	0.856956202844763	0.0745543382626623	0.940569305745774	0.971191867749206
CHD3	0.976632498125905	0.0637254367896197	1.63599601326804	0.0389520733992027	0.968928599475151	0.98694280352152
PRELID1	24.1512734298809	0.0634737741430844	0.530835272710747	0.119573391984582	0.904821098585054	0.954679598856525
GABARAPL2	6.32414863610307	0.063372869269859	0.70392695887789	0.0900276207220133	0.928265265783288	0.965935549989777
CIDECP	0.96732434617671	0.0619861361344743	1.52872798902211	0.0405475248570057	0.967656618815625	0.986622251925519
DNAJB2	2.87298870707283	0.0611760662624598	1.17449501415242	0.0520871229978	0.958459273397494	0.980995019532528
CCL26	0.945486922582465	0.0607450315269933	2.98402944511414	0.0203567131773627	0.983758814567931	0.993097862367822
RPL38	35.326335992412	0.0602760314673327	0.323828491438034	0.186135664591041	0.852338374303468	0.935507377393223
COMMD1	1.87329056011853	0.0579640547775823	1.16668544666377	0.049682675774636	0.960375262137863	0.981967409575634
C3orf17	0.955226012217712	0.0577686019400682	1.55519677257488	0.0371455258645006	0.970368972666109	0.987855559812563
C12orf43	0.963779373625677	0.056931042313224	1.57470210223864	0.036153531663093	0.971159938105364	0.988043223901107
TMEM256	0.885524317081944	0.0560705437585433	1.5411521809552	0.0363822239305341	0.970977588043734	0.988043223901107
CTU1	0.935289318357972	0.0559299581446021	1.55073986925647	0.0360666281001847	0.971229231924318	0.988043223901107
STOML2	6.40961806563033	0.0550478918117322	0.768558112213752	0.0716248920373405	0.942900429966421	0.972349259710095
TMEM183A	3.7587638500236	0.0548285618606346	0.86652852265163	0.0632738108756719	0.949548469858417	0.976419935373466
KNOP1	0.995873988995862	0.0536308861271752	1.58687578156175	0.0337965244351977	0.973039407462921	0.98883753260783
NDUFS5	10.8416568859196	0.0525458318723918	0.610034524082467	0.0861358329701491	0.931358438874066	0.967669729175735
LSM8	1.88254700896793	0.0520797636705789	1.15094861769421	0.0452494254477795	0.963908498758066	0.984179326509618
PELO	1.95798526944276	0.0519727986284959	1.25580618584092	0.0413860030428928	0.966988171191229	0.986079744166377
MAGEF1	0.97155982797702	0.0517962685282158	1.55806080996064	0.0332440609487664	0.973479961968286	0.989073149500165
SEC22B	2.04487517942716	0.0511144337832433	1.43190564504811	0.0356967890726669	0.971524130870803	0.988043223901107
USMG5	10.8647437517047	0.0504621058574557	0.557093030693798	0.0905811113713102	0.927825441164555	0.965894869717953
MARS	0.948968125177677	0.0503388129938028	1.59656715952563	0.0315294052576901	0.974847341793111	0.990293743843405
TMEM159	0.999640578535877	0.0494560187832296	1.59303035010086	0.0310452457984234	0.975233456117575	0.990293743843405
ZNF771	0.951249621427432	0.0487092195899821	1.5989630337507	0.0304630054365451	0.975697797063902	0.990293743843405
ATP5G1	5.36931574626454	0.0485935574704159	0.933273007022164	0.0520678912866724	0.958474597289077	0.980995019532528
RMDN1	0.947786625009737	0.0485366252519157	1.56068573351218	0.0310995507998196	0.975190147907346	0.990293743843405
FAU	48.5427672629598	0.047876467512285	0.363477396615087	0.131717867350593	0.895207452552237	0.951248359941987
STK40	0.950913962025659	0.0469387923730466	1.54588050729553	0.0303637908308738	0.97577692226307	0.990293743843405
VBP1	3.77317864689432	0.0453124293095499	0.903955190268634	0.0501268534075059	0.960021300707703	0.981967409575634
SEC11A	7.22474677609187	0.045281951533993	0.615630941464732	0.0735537291648411	0.941365490129837	0.97145909221191
MIIP	0.95066847333738	0.0442482054816697	1.53152175020445	0.0288916598642905	0.976950997310939	0.990789994608051
AAED1	2.80021251876712	0.0441099354969804	1.00365355253674	0.0439493641859707	0.964944766358322	0.984384454941421
BNIP3L	1.85701328618891	0.0440891517034087	1.22695909108159	0.0359336770263002	0.971335242815532	0.988043223901107
FAM174A	0.952059677273546	0.0438263384771837	1.59935526101165	0.0274025037123158	0.978138701326196	0.991438316412913
RPL34	60.0248982423325	0.0435650668955415	0.342684737424278	0.127128705010295	0.898838532469077	0.952550270379307
CUL1	0.983945761704614	0.0427897383251935	1.64429669029378	0.0260231250100908	0.979238893604426	0.991720667603447
MLPH	0.958552221060426	0.0420345933560439	1.63997840571035	0.0256311870995867	0.979551510528314	0.991758187150692
PSMD14	7.52934784831653	0.0419585740870878	0.747984379528256	0.0560955218256703	0.95526571138861	0.979096578178744
APMAP	0.972770406986029	0.0416826263993462	1.60185071087814	0.0260215425297003	0.979240155813665	0.991720667603447
FDFT1	0.924671576849582	0.0403479420679248	1.59590671833259	0.0252821431255584	0.979829917100655	0.991901180254072
PCNP	2.88293703493916	0.0401215721143643	0.995273343335798	0.0403121136349249	0.967844296345975	0.9866744828532
SMDT1	4.46980880806684	0.0396368103887789	0.820620467796363	0.0483010258021188	0.961476337037887	0.982815294475681
MRRF	0.927617157783329	0.0393032265306438	1.52209498643529	0.0258217961959727	0.979399476793659	0.991743119548375
HSPD1	21.2132500562437	0.038938968446422	0.844245341857213	0.0461228111259248	0.963212364704118	0.98389442141199
RPS26	13.7380363673505	0.0380032366965765	0.56470174786826	0.0672978910372388	0.946344555793013	0.974372416764812
NT5C3A	0.997612647253446	0.0379933307362005	1.62460843605042	0.0233861464049553	0.981342255552546	0.992505229302025
POLR2J3	5.80550623574961	0.0378170123728215	0.863249484594398	0.0438077439346401	0.96505765424486	0.984384454941421
IER3	6.31349653446391	0.0371644705742201	1.04560798449261	0.0355434074006757	0.9716464341254	0.988043223901107
RPL29	122.576647659833	0.0371270462134888	0.454739233449641	0.0816446954265279	0.934929258100885	0.968831009518335
MCL1	2.92761937748468	0.0363874262632126	1.06156469238956	0.0342771632516387	0.97265613525168	0.98883753260783
SNHG8	5.55023669896171	0.0353421227484577	0.903417319271352	0.0391204839607932	0.968794329629604	0.98694280352152
PDCL3	0.94911516541988	0.0352022029113185	1.53499248998935	0.0229331434133353	0.981703602721736	0.992505229302025
ARL3	0.929901137859434	0.0346138800793216	1.53531111485274	0.022545189534853	0.982013065112585	0.992505229302025
TRIB1	1.90555923260187	0.0343110175063284	1.31111795382132	0.026169283554029	0.979122315661134	0.991720667603447
CRIPT	3.72243807714051	0.0341382083155714	0.937473855014988	0.0364151044137926	0.970951370586812	0.988043223901107
C1orf35	0.985457398423472	0.0332495732020206	1.68978509531731	0.0196768058223268	0.984301193470304	0.993229406919309
RPS21	66.5426523810126	0.0327287726957948	0.308518157389028	0.106083781171185	0.915515879276914	0.960006737420361
CPSF3L	0.951427098774903	0.0324368589264474	1.58511411973653	0.0204634218587611	0.983673691090406	0.993097862367822
TUSC2	3.66113677554768	0.0324059673000219	0.868156696262269	0.0373273251701466	0.970224018335326	0.987847067950259
SRA1	1.91023685923274	0.0302107686567214	1.1413666827556	0.0264689421140133	0.97888330551849	0.991720667603447
CITED2	0.980750262928884	0.030133820496307	2.12640616744597	0.0141712439314925	0.98869336170197	0.995025052368658
DCTN2	3.71744674805487	0.0291479865754001	0.859781800796626	0.0339016091622237	0.972955610001304	0.98883753260783
KTN1	8.49821128482996	0.0287176204500396	0.73630916620347	0.0390021227062979	0.96888869622805	0.98694280352152
PIN4	1.88270942602391	0.028672520376973	1.14359140106018	0.0250723469504858	0.979997257183039	0.991931714262396
NHP2L1	6.54664082489045	0.0285032223786188	0.650295838083249	0.0438311622332264	0.965038987076414	0.984384454941421
TSFM	0.988473806511328	0.026876062507602	1.68438696593954	0.0159559905479385	0.987269501675748	0.994890097436377
PSMD2	7.56075147448133	0.0256753402402686	0.902164229477477	0.0284597187533577	0.977295494783429	0.990861430563513
NOP16	1.93189549401473	0.0250547026164953	1.17409863322617	0.0213395211504934	0.982974817689762	0.993097862367822
DPH7	0.981879739857646	0.0247454092492446	1.52732303472956	0.0162018176158956	0.987073385406813	0.994890097436377
HNRNPK	3.93395176765568	0.024743229260813	1.06822722042504	0.0231628896808751	0.981520340404317	0.992505229302025
GID8	1.9049530769634	0.0242634482470032	1.07576204991444	0.0225546609019467	0.982005509976146	0.992505229302025
SEPT9	0.983849511528977	0.0241082552409664	1.62216748269927	0.0148617547189705	0.988142471863739	0.995025052368658
LSM3	6.52326500444499	0.0234235025614639	0.750887827273345	0.0311944097516141	0.975114498118415	0.990293743843405
CLTC	4.87809692750615	0.022936872412934	0.863907966195938	0.0265501341698843	0.978818546389587	0.991720667603447
MPDU1	1.00940883389037	0.0224556266166371	1.61385280192228	0.0139142966383861	0.988898355766167	0.995025052368658
TXNL4A	2.8682718550894	0.0211716921976605	1.02081596755638	0.0207399696620548	0.983453084689478	0.993097862367822
SNF8	7.50494587220196	0.0210269110557097	0.688829838778529	0.0305255519897277	0.975647915332724	0.990293743843405
RPS6KB2	3.79515425588361	0.0203077353562785	0.903804135499866	0.0224691772903284	0.982073698749273	0.992505229302025
RPS11	45.20730677472	0.0197928639766427	0.378282845752479	0.0523229223817188	0.958271388911418	0.980995019532528
LINC00094	0.937461023017938	0.0196557039374642	1.53657663394669	0.0127918800164093	0.989793834774892	0.995437999896696
CDIPT	2.87529881104042	0.0184909991934523	0.935042309692331	0.0197755748609243	0.984222402510516	0.993229406919309
SNAPIN	0.942344825946669	0.0181595516397051	1.54294077642871	0.0117694417809977	0.990609560907736	0.995981331329788
TPD52L1	1.92358588477853	0.018131688189916	1.36496654874459	0.0132836135849574	0.989401521501151	0.995320311905234
SRP72	1.91712319262022	0.017882024706361	1.16330282766734	0.0153717710307798	0.987735584220129	0.994890097436377
APOA1BP	2.81771942800706	0.0174541896541291	0.982537069972932	0.0177644082727688	0.985826798360744	0.994075244588836
FNBP1	0.97316200902743	0.0170979124863415	1.55657824374865	0.0109842936293169	0.991235977938949	0.996150408132394
PTRHD1	2.76269570724516	0.0170283846786446	0.937157867991121	0.0181702413864875	0.985503042649665	0.993887378158957
TXNDC17	1.89483514210734	0.0167722678480283	1.19087451255062	0.0140839926216116	0.988762971227997	0.995025052368658
MRPS10	1.96145520928816	0.0164463924711903	1.16731129222086	0.0140891230820703	0.988758878118927	0.995025052368658
TRAPPC1	4.63127234369328	0.0163955769425823	0.851156742532609	0.0192626999508897	0.984631539531016	0.993285527671425
PSMB6	11.2417364695029	0.0163588619866776	0.692523921545458	0.0236220894004219	0.981154052272696	0.992505229302025
CALM1	10.497735576779	0.0157221956597447	0.69335742905903	0.022675455689689	0.981909154323299	0.992505229302025
PSMD6	94.1999193866388	0.0154598878488514	0.540899033548233	0.0285818367014569	0.977198098378971	0.990861430563513
CASP7	0.986454241821349	0.0147896191304083	1.63953367261032	0.00902062542385091	0.992802679855332	0.997077246949153
SERPINH1	3.86492554415715	0.0121038355358695	1.31822916666838	0.00918189025240584	0.99267401446754	0.997077246949153
TUBB	3.78126055391914	0.0117596888944962	1.04972165374665	0.0112026734444543	0.991061746777648	0.996150408132394
IER2	1.00493546694498	0.00807459238812934	1.76386113533353	0.00457779369723598	0.996347461843656	0.998556964184543
CMC1	0.985016200779774	0.0078069825607782	1.60631745893954	0.00486017413141497	0.996122157364346	0.998469548087273
UFM1	3.80780792398424	0.00740031083983266	0.869767227763045	0.00850838086744832	0.993211376176157	0.997210699962482
RPL24	52.7192546304156	0.0073508485071195	0.304462154401391	0.0241437183599129	0.980737971265956	0.992505229302025
EIF1	39.9707536170646	0.00637050817374209	0.567517462211405	0.0112252196591777	0.991043758632079	0.996150408132394
SRM	6.57213456866416	0.00588474642581933	0.946531441967795	0.00621716951481845	0.995039448389116	0.998076050950436
HINT1	29.7236507379461	0.00583858861640534	0.537228062012502	0.0108679889031364	0.991328770145306	0.996150408132394
UFD1L	8.52486835953188	0.00573433507101412	0.672274651385168	0.00852975054049559	0.993194326262669	0.997210699962482
YAF2	0.998837440776567	0.00570576959741499	1.63928171995627	0.00348065224418362	0.99722284692035	0.998940488551524
C15orf57	0.976792364544507	0.00515182637048634	1.59256906730899	0.00323491550617112	0.997418915363828	0.998940488551524
MARK3	2.9992413078	0.0050831476830911	1.02160335617937	0.00497565679707752	0.996030016642684	0.998469548087273
MPC2	2.90107969220352	0.00474200345977057	0.948024042852752	0.00500198649551243	0.996009008844239	0.998469548087273
CMAS	1.00474796721169	0.00421410348282095	1.62133664270499	0.00259915391524752	0.99792617755486	0.998940488551524
RNF4	0.983366330564919	0.00382964473171311	1.54935583211734	0.0024717657831252	0.998027818251939	0.998940488551524
MRPL52	8.46526001926634	0.00377156494255248	0.626730033229132	0.00601784618988189	0.995198482416562	0.998097118773115
BBX	1.02288139669419	0.00361592027660843	1.63954099306768	0.0022054467023986	0.998240309553004	0.998940488551524
ACTG1	34.4513154249996	0.00230879092559946	0.802758316430251	0.00287607226028666	0.997705229511408	0.998940488551524
PUF60	1.98489893003515	0.00117147341397355	1.21626416774092	0.000963173498853818	0.999231498854714	0.99956468061982
EIF3A	2.05409127909479	0.000717400637431786	1.24651383586787	0.000575525611340132	0.999540797025715	0.99967904609861
ERH	8.73123278333881	0.000618602667938079	0.693429662953313	0.000892091441983393	0.999288214106027	0.99956468061982
CD24	7.45616848838376	-0.000157547189459701	1.00472799794031	-0.000156805811903991	0.99987488706415	0.99987488706415
LINC00888	0.994181130632914	-0.00186244759499635	1.60748316749989	-0.00115861094700792	0.99907556242023	0.99956468061982
ETFA	4.86888556948014	-0.00232781913821342	0.892306287949801	-0.00260876693311431	0.997918507502325	0.998940488551524
TMEM11	1.96906294145155	-0.00313398992181838	1.10659437928396	-0.00283210359684482	0.99774031128624	0.998940488551524
SNRNP25	2.80767115116308	-0.00330634095938557	0.972950213751626	-0.00339826325402258	0.997288583434733	0.998940488551524
TBPL1	0.97814289050364	-0.00343223009610672	1.56464920454295	-0.0021936099709387	0.99824975387544	0.998940488551524
TXNDC9	2.02517776498398	-0.00378037842925514	1.18712328895581	-0.00318448678787218	0.997459151452316	0.998940488551524
RPS23	120.431204007671	-0.00397798050415892	0.251098944632734	-0.0158422828498035	0.987360215826284	0.994890097436377
SPATS2	7.72173146327119	-0.00481521327311896	0.772648395833151	-0.00623208861765214	0.995027544897912	0.998076050950436
AAMP	4.77891191818564	-0.00560497611835273	0.810384120518304	-0.00691644366719317	0.994481520380415	0.997931706060336
CACYBP	10.5737653133841	-0.00605865010653625	0.860649558799658	-0.00703962494907475	0.994383238330335	0.997931706060336
PPP2R4	0.991923691476762	-0.00806062298829471	1.53332092989736	-0.00525697056051683	0.995805563672569	0.998469548087273
FAM120A	1.00496016481203	-0.00965689120520896	1.53541091467352	-0.00628945066947264	0.994981777499382	0.998076050950436
NENF	4.75336398012879	-0.0103056553620593	0.805033600338974	-0.0128015220205963	0.989786142198493	0.995437999896696
ZFAS1	188.89919033097	-0.0104273898110691	0.504352396934144	-0.0206748096657319	0.983505063699126	0.993097862367822
SLC2A8	0.931471908964798	-0.0106986791120884	1.52399743311945	-0.00702014247503648	0.994398782711475	0.997931706060336
ZDHHC24	1.93598245281155	-0.0110302563810822	1.13076157541641	-0.00975471454008344	0.992216987305014	0.996765912087045
RPL19	90.3558242496936	-0.0113495094908509	0.227088530768836	-0.049978347441968	0.960139642992539	0.981967409575634
AHCY	0.935148168216889	-0.0121034581025362	1.537566860377	-0.00787182555402405	0.993719256790221	0.997582111044021
PPIG	2.05305405034253	-0.0122302866148281	1.2135773276877	-0.0100778799469921	0.991959151294577	0.996645355427412
GAS5	188.06012403976	-0.0125693964452051	0.552151585151382	-0.0227643943859349	0.981838209823691	0.992505229302025
YY1	3.98875652430406	-0.0128035605108492	0.876837053368012	-0.0146019838710848	0.988349716521867	0.995025052368658
RBX1	2.88019352370606	-0.0133206808568116	0.963592418905277	-0.0138239784741613	0.988970412304459	0.995025052368658
UXT	4.74097433132143	-0.0133796605541814	0.72535545407485	-0.0184456606468154	0.985283326700195	0.993804398851877
CCT3	4.90162072475978	-0.0140043576747169	0.894230151994753	-0.0156607978868499	0.987505001913417	0.994890097436377
TUBA1C	17.2572051872392	-0.0178598749998592	0.604055694728695	-0.0295666031389386	0.976412700496836	0.990382976194785
OGFR	2.00610769435843	-0.0180031984194609	1.15653629860242	-0.0155664793584225	0.987580248038495	0.994890097436377
GLRX2	3.8910092173039	-0.0183346132511081	0.931753403669306	-0.0196775382616314	0.984300609181418	0.993229406919309
TUSC3	0.997357476033045	-0.0198419868064263	1.63268107025592	-0.0121530084276141	0.9903035408963	0.99581211294968
LYRM4	1.87919662230084	-0.0215728760974461	1.11464598459943	-0.0193540158898062	0.984558693533446	0.993285527671425
TMEM251	1.0177747569672	-0.0230605995353622	1.56973592450218	-0.0146907509571558	0.988278898230645	0.995025052368658
NUTM2B-AS1	1.00876539758153	-0.0240707897155112	1.56029439047057	-0.0154270821343219	0.987691457577035	0.994890097436377
ANKLE2	1.0507906391392	-0.0253741924310921	1.61809127189409	-0.015681558186387	0.987488439624796	0.994890097436377
RPL37	89.1748319882037	-0.0258864017007184	0.303882285248866	-0.0851856227141329	0.932113820443901	0.96809842263374
CCT6A	4.97270043241956	-0.0277251801034815	0.930514594766666	-0.0297955349216568	0.97623011980372	0.990382976194785
RPL21	103.819124504866	-0.03033188141916	0.308316000905702	-0.0983791996849262	0.921631190795345	0.96227700590133
MTDH	18.519052821591	-0.0326974677849242	0.559380806317197	-0.0584529669514314	0.953387825332746	0.978122105983701
TNFRSF12A	22.1364414134541	-0.0347655277041731	0.780324829577196	-0.0445526355005392	0.964463896536149	0.984384454941421
NEU1	1.05877490325445	-0.0347688652867346	1.66798875037983	-0.0208447840423487	0.983369472989311	0.993097862367822
PPP1R12A	1.08422034099114	-0.0356330056565828	1.60224630012655	-0.022239405797828	0.982256984074373	0.992551740056148
IL13RA1	0.999690649008932	-0.035662192520085	1.69636436161953	-0.0210227197216276	0.983227531962431	0.993097862367822
RPL39	130.599260545454	-0.0368990303589801	0.287925970930168	-0.128154574732438	0.898026647674655	0.952550270379307
DDX54	1.03956017274926	-0.0373537322465539	1.59619648735405	-0.023401713098914	0.981329838526009	0.992505229302025
RPL23A	46.4224559318255	-0.0378113189187587	0.352966742200193	-0.1071243105882	0.914690361078129	0.959681660034235
RPL7	37.917805456938	-0.0392774936842197	0.378856362149868	-0.10367383950301	0.917428187810843	0.960602841885347
GUK1	12.5951339604238	-0.0393266503270143	0.680142206967574	-0.057821217275065	0.953891037509651	0.978122105983701
TUBA1A	2.97323725363366	-0.0394599539005921	1.33378274916486	-0.0295849934521194	0.97639803356607	0.990382976194785
SELK	12.4978496666753	-0.0404974131257018	0.680534840707767	-0.0595082142797918	0.952547323024616	0.977834993297984
ARPC3	12.5942314922439	-0.0406835947402021	0.578444074105114	-0.0703328058172988	0.943928771884182	0.973132157042276
CHMP1B	1.04754237047535	-0.0418498442095994	1.59515337418488	-0.0262356240389639	0.97906940178008	0.991720667603447
NDUFA4	31.7478247588279	-0.0423029402002019	0.552388655003812	-0.0765818410950348	0.938956205230477	0.970635070767917
TNFAIP1	1.00401175645971	-0.0426756238809993	1.55424119149694	-0.0274575298315811	0.978094813349089	0.991438316412913
EIF5	19.6393383215596	-0.0429630641786212	0.68684748482354	-0.0625510977734147	0.950123971433436	0.976456287298917
GNAI3	2.06294135848506	-0.0429941246717134	1.19959204026894	-0.0358406218351319	0.971409442320147	0.988043223901107
SH3GLB1	2.96229200025086	-0.0447497506591246	0.949049716364244	-0.0471521669386915	0.962391950338396	0.983195280149328
LEPROTL1	1.00184529849572	-0.0461259010844275	1.53442898821271	-0.0300606293538255	0.976018699754384	0.990382976194785
KLHL18	0.999959403267473	-0.0473820622557149	1.5377123236695	-0.0308133462458344	0.97541839670961	0.990293743843405
CLDN7	2.93663890994426	-0.0494359785653117	1.09638852914073	-0.0450898356297616	0.964035703176273	0.984179326509618
RPS18	278.589786563767	-0.0498191196775477	0.236017337182762	-0.211082458060993	0.832822928283584	0.935507377393223
FAM58A	2.99469456193432	-0.0512550905098208	0.968648403612198	-0.0529140298158597	0.957800405880607	0.980860322181373
BTF3	38.9520075714412	-0.0520639960404102	0.3209882252247	-0.16219908379494	0.871149081272383	0.94141115279834
UBL5	12.66167168126	-0.0527557130738148	0.584483265935977	-0.0902604337000702	0.92808026110103	0.965935549989777
C17orf58	1.01943541450279	-0.0533681974489542	1.58332737899255	-0.0337063567251087	0.973111309920802	0.98883753260783
CIAO1	1.98341559664377	-0.0537689421449169	1.13609754907461	-0.0473277512029787	0.962252010597851	0.983195280149328
DBNL	1.04190925684937	-0.0556280999325456	1.62650981154526	-0.0342009003190065	0.972716948611631	0.98883753260783
TRAM1	2.01296783733729	-0.0566659545279518	1.13968185231597	-0.049720853598572	0.960344838242346	0.981967409575634
CHCHD10	3.90932475750012	-0.0581588888929191	1.12824257506253	-0.0515482132817898	0.958888684247964	0.98127994279607
RPLP2	72.8520710122722	-0.0586646214478461	0.300396984018581	-0.195290314380179	0.845165679099654	0.935507377393223
TMSB10	27.13855593233	-0.0586936090449843	0.919071092927884	-0.0638618813023529	0.949080204607199	0.976216068209766
IFRD1	4.0709349316357	-0.0588480495813549	0.964476413354806	-0.0610155404181007	0.951346832651086	0.977230264757863
RPL27A	53.870942174516	-0.0589852357073661	0.276676448881138	-0.213192109216012	0.83117712273236	0.935507377393223
ZFPL1	1.0204375401567	-0.0601740999498805	1.54867449673028	-0.0388552275361453	0.969005812840934	0.98694280352152
HOMER1	1.0183436568794	-0.0604905290015519	1.61526338496183	-0.0374493284282436	0.970126741833927	0.987847067950259
SOD1	51.7477983160929	-0.0622339087852191	0.549987507094826	-0.113155131675544	0.909907566862131	0.957175321413386
HAGH	3.91223730762718	-0.0643290459616201	0.91310659093968	-0.0704507519712664	0.943834897331642	0.973132157042276
SSR4	11.6361352927513	-0.0648710421409069	0.566083237027507	-0.114596295911435	0.908765115802204	0.956936151502219
PPHLN1	1.08744202843474	-0.0653481042585784	1.63558654411406	-0.0399539263108667	0.968129858415964	0.986687386357412
HIF1A	1.06852334021598	-0.0656776411682693	1.69343795081638	-0.0387836124356414	0.969062910386225	0.98694280352152
PFN1	33.9215458683992	-0.0672521299695989	0.601440456336821	-0.111818433996293	0.910967370972501	0.957706074132602
SRRM2	5.19145584448102	-0.0691566803211921	0.84377668594832	-0.0819608807316915	0.934677821406514	0.968831009518335
NFIC	1.06660976497552	-0.069504773426873	1.59260277621786	-0.0436422530870717	0.965189570672753	0.984384454941421
VPS35	2.07141747493539	-0.0695260065038515	1.1673686431461	-0.0595578842313913	0.952507762304491	0.977834993297984
MRPS23	6.06872008307504	-0.0697226191538063	0.821038554067977	-0.0849200306226225	0.932324967173765	0.96809842263374
CRB3	1.99324092812253	-0.0718540269923419	1.14796969938403	-0.0625922679238808	0.950091186648625	0.976456287298917
RPL7A	110.457010787809	-0.0720626431322971	0.35323406967966	-0.204008189803574	0.8383470989631	0.935507377393223
TXNL4B	1.06193352545545	-0.0731397323731456	1.59674072679135	-0.045805640919625	0.96346516272825	0.983903423814153
SERP1	23.6176220124894	-0.073975423377927	0.518889119034267	-0.142564992527896	0.886633746916209	0.947708591862692
FIS1	7.04593611482561	-0.0747912466456192	0.669756512087203	-0.111669308615668	0.911085615261813	0.957706074132602
CCDC12	2.09036758763729	-0.0756245835154828	1.15732280740379	-0.0653444164684962	0.947899778660428	0.975279353940461
PPP4C	6.06736427690815	-0.0757369697636772	0.725467695542281	-0.104397439374698	0.916853954662958	0.960418795620433
JMJD6	1.04958501393883	-0.0768276102207566	1.62464969917052	-0.0472887233844819	0.962283115464763	0.983195280149328
WDR46	1.04443782967538	-0.0799026138435915	1.66572664480067	-0.0479686232389908	0.961741248836729	0.982947133616733
CDC26	3.00449328039223	-0.0799260038976294	0.958737353413386	-0.0833659016341331	0.933560600657335	0.968305774856909
ITGB1BP1	5.02963625511122	-0.0801607166034595	0.785336797842992	-0.102071769492566	0.918699708636026	0.960821173437533
CALM3	2.97094430149464	-0.0835404771270284	0.981500523135017	-0.0851150612331731	0.932169916626111	0.96809842263374
NDUFAF2	2.01818937372514	-0.0837719382159892	1.14745669984336	-0.0730066225831659	0.941800847517223	0.971769681563504
ABI2	2.05374693719373	-0.0840126788027694	1.07885983396277	-0.0778717273162184	0.937930089432203	0.970138490417866
RPS10	35.7360158352823	-0.0842981848655853	0.323116810203338	-0.260890743544219	0.794176763301461	0.935507377393223
UBE2D1	1.06612834807036	-0.0846164602163111	1.59359673373257	-0.0530977871786422	0.957653994543229	0.98084929667735
RPL30	181.453710336003	-0.0854574870711558	0.260010025902858	-0.328669968684528	0.742405155862773	0.935507377393223
CD63	28.6290662051755	-0.0856547857522633	0.670448822331544	-0.127757381173989	0.898340978491891	0.952550270379307
ATP5I	4.93925754997989	-0.0863067951928614	0.805463385636459	-0.107151729963074	0.914668608783648	0.959681660034235
RNF167	3.01528326499016	-0.0880635030046126	1.00262530022852	-0.0878329152321821	0.930009476280754	0.966858299530574
SPTLC1	1.03129206877944	-0.0885663565939858	1.5526403210363	-0.0570424169680667	0.954511406274381	0.978462146125609
RPL5	32.4103674693297	-0.0902893216354222	0.390430560193803	-0.231255774626361	0.81711610220124	0.935507377393223
C8orf59	5.11037416232526	-0.090573379079394	0.804295423343769	-0.11261207816258	0.910338108976942	0.957337822282179
TSTA3	3.10442138619633	-0.0906231559564305	1.14917639189982	-0.0788592217828388	0.937144598489897	0.970138490417866
EIF2S2	6.14894327849706	-0.0906289672990278	0.731855069955398	-0.123834582856072	0.90144624939052	0.953247565158275
SLC7A5	1.0537552094552	-0.0915807702110224	1.75120233166234	-0.0522959389416119	0.958292889146251	0.980995019532528
ZFAND2A	24.0479913957787	-0.0916849296675798	0.757624817708364	-0.121016270223176	0.903678148133773	0.954219726804222
RPL26	62.7303678219888	-0.0930350648356513	0.295245423147836	-0.315110946831059	0.752677417243855	0.935507377393223
NCL	4.22269716932279	-0.0940036801278944	1.3000534918122	-0.0723075478970169	0.942357158069035	0.972066278173636
SLMAP	1.09599644621788	-0.0943211080844422	1.59353829091313	-0.0591897343303839	0.95280098612562	0.977840110484707
KIF5B	8.14836451954874	-0.0945992680259139	0.771269270360183	-0.12265400899706	0.902381084286975	0.953825116281116
SAMD4B	2.08778162511858	-0.0947290951353085	1.11853786545982	-0.0846901102417002	0.932507758603434	0.96812112023854
HARS	2.07818894558571	-0.0957853724301102	1.24667516811874	-0.0768326624927107	0.938756666617508	0.970567551660166
COX6C	29.9778709028634	-0.0958962918075921	0.545238994845884	-0.175879371640867	0.860388711760917	0.93598176241059
EEF1D	27.6720428337212	-0.0970285171391424	0.508242310482324	-0.190909956015	0.848596139865268	0.935507377393223
BABAM1	5.0126382537118	-0.0981600140786225	0.797897147176688	-0.123023392709143	0.902088573968632	0.953655333094617
SNHG5	37.6834647051781	-0.0982884238806484	0.449443602488484	-0.218689115467311	0.826892228368992	0.935507377393223
POLR2A	1.0388429701772	-0.0997201272315827	1.5230231777732	-0.0654751212502113	0.947795714188121	0.975279353940461
SSSCA1	5.0691266615998	-0.100135878045547	0.857686531615029	-0.116751137338009	0.907057265598101	0.956287981056258
CLPTM1L	2.04071422028943	-0.100924796370748	1.09183626233551	-0.0924358347971182	0.926351769241211	0.965055416133583
HSPA8	22.1722884084149	-0.10119893716592	0.867213907814547	-0.116694319883488	0.907102291599239	0.956287981056258
GPX3	20.9141582705922	-0.102026500724069	0.675080329366433	-0.151132385711522	0.879871285806481	0.945102027573597
C16orf13	3.03748534118648	-0.10252820552911	1.00036484915051	-0.102490811843474	0.918367105531818	0.960759559052438
OTUB1	2.1024834573815	-0.102540066056349	1.08013289000303	-0.0949328244750156	0.924368184088619	0.964028910660061
TMEM9	1.02291971137225	-0.102599678314613	1.5436986455566	-0.0664635410609037	0.947008783520405	0.97463998201481
TUBGCP2	1.07583315819921	-0.102891136450003	1.518660550776	-0.06775124065574	0.945983658840343	0.974351095146475
ARPC1B	9.0614263768087	-0.103054926773423	0.700745308047866	-0.14706474034127	0.883080920350545	0.946401791901441
PDCD10	2.16062105646088	-0.103231895715143	1.17002340160622	-0.0882306247665011	0.929693377181353	0.966755213496511
SNHG7	7.06088714456775	-0.103563801043037	0.889087956416987	-0.116483189650209	0.907269608117762	0.956287981056258
UQCC3	3.05520639107397	-0.103671272730721	1.04844914792306	-0.0988805922882286	0.921233078488964	0.96227700590133
ATP1A1	2.14398844529743	-0.105011418421147	1.23708746330806	-0.0848860097089164	0.93235201427484	0.96809842263374
MTRF1L	2.14410400729564	-0.10507083342854	1.16636403863938	-0.0900840817684246	0.928220398692772	0.965935549989777
ZDHHC9	1.07539760220667	-0.105431989290632	1.5520000798521	-0.0679329792951294	0.945838985702263	0.974351095146475
UBE2E2	1.03662292953276	-0.105516849921384	1.53840147441854	-0.0685886302606838	0.94531706929097	0.974250901690882
SHISA5	1.05821155134834	-0.105807108431546	1.59047654213814	-0.0665254127478706	0.946959526073374	0.97463998201481
CPTP	1.06820879747579	-0.105892458985297	1.54519579921613	-0.0685301235215727	0.945363641332748	0.974250901690882
SUDS3	2.1299013865569	-0.106250190175274	1.19650393921473	-0.088800535203424	0.929240432342172	0.966672071107215
SENP5	1.12899692056031	-0.106507425184686	1.57564208769379	-0.0675962047577549	0.946107076655471	0.974351095146475
RPL37A	133.166065680319	-0.107608311468392	0.224877661625838	-0.478519345542805	0.632280608516935	0.935507377393223
RAN	16.3859061175464	-0.10911038460478	0.641193337920315	-0.170167682899943	0.864878266320732	0.937480849012924
CCT5	5.24691832730628	-0.109922313116783	1.02928479686522	-0.10679484769576	0.914951735042868	0.959816624995645
NDUFAF3	4.05856315429203	-0.110735127724525	0.926914016830063	-0.119466450732104	0.904905818083616	0.954679598856525
PHF14	1.12015711343984	-0.111293648814248	1.65889842517216	-0.0670888868935409	0.946510940937396	0.974404984897253
RPLP1	229.988959960114	-0.113900603944531	0.405735815044077	-0.280726028418659	0.778920543411678	0.935507377393223
NELFB	1.05210262161466	-0.114516578052686	1.53573725742346	-0.0745678191364672	0.940558579421895	0.971191867749206
PDCD7	1.12651403255043	-0.116162604682413	1.6124727844311	-0.072040040491844	0.942570042909614	0.972147194448641
ILF3	1.11790684079956	-0.116656444288949	1.57821832479928	-0.073916544026813	0.94107679163047	0.971299783083061
WARS	2.11002297659112	-0.117045843583362	1.17465003196552	-0.0996431621318836	0.920627625896086	0.962002653591705
ZFAND6	2.15532031940667	-0.117179506287876	1.13556670852502	-0.103190332552175	0.917811912457885	0.960759559052438
SERPINB6	1.03457986447379	-0.117318902576331	1.55955811398194	-0.0752257331897602	0.940035110234057	0.970970745435426
RPS3	152.480259718595	-0.117413100269541	0.347011952936565	-0.338354628063791	0.73509596138043	0.935507377393223
PRDX1	22.5443119297428	-0.119430989654734	0.865814107235261	-0.137940683406169	0.890287297017235	0.948737077048606
RPL28	121.125144728677	-0.119832763776985	0.261445565463223	-0.458346897430323	0.646703236147124	0.935507377393223
HSD17B12	1.09594118087979	-0.119963542597336	1.57529945245981	-0.0761528498026294	0.939297494110897	0.9706617525992
SHKBP1	1.08052872535396	-0.12072232785594	1.54217384806491	-0.0782806218685526	0.937604831664142	0.970138490417866
SUV420H1	1.07708004166897	-0.121489253697892	1.57159617179027	-0.0773030985176673	0.938382426024873	0.970319365449143
TMEM138	1.06830768918287	-0.122541412732399	1.49808488267797	-0.0817987112408108	0.934806780922312	0.968831009518335
EFHD2	1.04243576164742	-0.123007955542897	1.54161129944489	-0.0797918097689018	0.936402838412753	0.96979789810407
ATP6V1D	3.20761392567694	-0.123202337491624	0.991261568570234	-0.12428842335664	0.901086913051779	0.953247565158275
MYL6	38.5219485709353	-0.123459132912388	0.709258348352687	-0.174067930534949	0.861812076132593	0.936176267038079
SRSF11	2.21959316539481	-0.123714031921843	1.26068042278648	-0.0981327461629002	0.921826885330778	0.962282403324217
STRBP	1.08222097322791	-0.124132883940599	1.5417220608403	-0.0805157343814237	0.935827082635658	0.969340443280109
ARL5A	2.13950540288389	-0.12751640826585	1.12788711900744	-0.113057775123867	0.909984750859057	0.957175321413386
RPS8	112.664969242594	-0.127859664531447	0.261377270725964	-0.48917667621336	0.624716620585653	0.935507377393223
CSNK1A1	2.25883132364117	-0.128725092865474	1.21610766301688	-0.10585007954488	0.915701302211807	0.960006737420361
DAP	1.06661728397637	-0.129250528666449	1.53725347544052	-0.0840788658027983	0.932993727782255	0.968139085531
GLUL	1.07441808166299	-0.129589829831342	1.64409733076064	-0.0788212640497307	0.937174790399948	0.970138490417866
LARP1	2.19579012416579	-0.130766042522483	1.12981715786553	-0.115740889233377	0.907857899078983	0.956538025388333
PHTF1	2.22866825100791	-0.13164477283754	1.20096189112237	-0.109616111727334	0.912713832350224	0.958326313581774
NACA	36.5216801767883	-0.132361105906286	0.369603699474482	-0.358116290758136	0.720256288201507	0.935507377393223
TLK1	1.17284657333334	-0.134245798146649	1.77678631145888	-0.0755553986885586	0.93977282167333	0.970924028221153
POLR2L	4.1786951930453	-0.134474391133763	0.867509514548611	-0.155012007221308	0.876811851333622	0.94431378102767
PPP2R3C	1.08344043098668	-0.135544292006334	1.54494388616923	-0.0877341198083401	0.930088000488822	0.966858299530574
PPAN	1.06239157280611	-0.138170274167968	1.56458535122387	-0.0883111132670945	0.929629406357739	0.966755213496511
USP14	2.26657913693854	-0.138361849499157	1.25471593305598	-0.110273445848546	0.912192515952111	0.958105826400119
RPS20	107.47758381183	-0.138659971918132	0.369821781311122	-0.374937277697769	0.707707114418285	0.935507377393223
TPRA1	1.04883527022729	-0.139029960235256	1.51267691579284	-0.0919098842480754	0.926769638210593	0.965351664347565
DNAJA1	7.53179977766355	-0.139811827979789	0.883234314894054	-0.158295285432337	0.874224122986957	0.943358826243968
STAG3L4	1.09659435380523	-0.140693111577979	1.56860141659004	-0.0896933472646161	0.928530902747968	0.966072943564109
IFT22	3.2066865742909	-0.142054894021265	0.925874685658548	-0.153427776157661	0.87806094199295	0.94431378102767
TRAPPC3	3.15846708155087	-0.142766426386464	0.945845560623383	-0.150940525948412	0.880022631615595	0.945102027573597
PSMB5	19.7514676259522	-0.142852070812535	0.608863230684667	-0.234620951986044	0.814502946088344	0.935507377393223
SPRYD7	1.08647966229783	-0.144518057060759	1.53858257635957	-0.0939293472325043	0.925165281170612	0.964514150539893
AP1M2	2.11780610486346	-0.144887097366989	1.12016346634048	-0.129344601677046	0.897084980787112	0.952403684638321
BZW1	4.34472207062579	-0.144932362338599	0.954664292783175	-0.151815002859352	0.879332848726929	0.944933248498205
TXN	37.4676426069271	-0.145065886405312	0.553263028008619	-0.262200579220796	0.793166806856741	0.935507377393223
WBP11	1.10551393658765	-0.145179761952722	1.58791749224165	-0.0914277742150018	0.927152693532744	0.965611569485132
MED4	1.09089033879426	-0.14533311722598	1.5371203923201	-0.0945489487694694	0.924673101067813	0.964140042367895
NUTF2	4.32966717916329	-0.146858873463324	0.869095276016289	-0.168979026254161	0.865813138775759	0.937931806215358
TGIF1	2.1838237111142	-0.147374445212887	1.27688100623612	-0.115417524807034	0.908114189000259	0.956668662683693
CBX3	2.15831039520458	-0.148339719007032	1.13581893346535	-0.130601555086295	0.896090512484645	0.952046796323313
DYNLL2	5.35301574448031	-0.149117251849288	0.821982746990385	-0.181411656625723	0.856044470017185	0.935507377393223
SLC25A36	1.11424467112593	-0.149146024771378	1.59978753927313	-0.093228645123179	0.925721917968324	0.964677214127245
RPF2	1.10454491156984	-0.150615253009427	1.60746902065272	-0.0936971419506848	0.925349740683777	0.964567388623957
RPL13A	182.539214510706	-0.151448362259918	0.293974294950096	-0.515175526777355	0.606430369049752	0.935507377393223
MPHOSPH8	3.3023161903762	-0.151612311400882	0.984569630916821	-0.153988409392337	0.877618874545372	0.94431378102767
CAST	3.28770544479403	-0.151926515572612	1.06132053953669	-0.143148568140342	0.886172848053927	0.947565436544491
CSNK1E	1.07689896843865	-0.152037580398529	1.54520162742933	-0.0983933602577586	0.921619946844751	0.96227700590133
NRD1	1.13220622388746	-0.152553529338668	1.63272528192389	-0.0934349036103059	0.925558062719391	0.964645481626394
CDC34	2.11155434108872	-0.153617292770977	1.10275535625069	-0.139303148155424	0.889210602270439	0.948618838695185
PCBD1	6.2932714648792	-0.153959736938819	0.783799664753744	-0.196427408510299	0.844275645221616	0.935507377393223
PPA2	1.12670307790359	-0.153974149481292	1.59265659705134	-0.0966775573380731	0.922982462978539	0.962932648939231
KDELR1	2.15145274621008	-0.155035322994241	1.11903224384711	-0.138544107059191	0.889810413301767	0.948737077048606
FAM50A	2.16325647897424	-0.155229010696959	1.33579513457427	-0.116207198753148	0.907488331628826	0.956287981056258
SOX4	5.27642282256966	-0.155413343973993	1.418156581828	-0.109588282398031	0.912735903974232	0.958326313581774
TUBA1B	25.0402438550916	-0.156285010278771	0.678748072221756	-0.230254812757259	0.817893771440027	0.935507377393223
CTTN	4.38789250888301	-0.156903238343315	1.12424617999833	-0.139563061129146	0.88900522785957	0.948618838695185
CFL1	31.271385440675	-0.157335428399623	0.63993017956227	-0.24586342920605	0.805787954242857	0.935507377393223
PDCD5	6.32132667941145	-0.15784468924866	0.763106696551253	-0.206844848776738	0.836131029220762	0.935507377393223
NIPA2	1.09913877285062	-0.158316221689379	1.55953651955958	-0.101514917864243	0.919141715990121	0.960866524262623
TPT1	317.943478119844	-0.158931303646297	0.352560758454747	-0.45079124614686	0.652140011055405	0.935507377393223
ETNK2	1.08723877633087	-0.159243307202719	1.56837986854288	-0.101533633781379	0.919126859610106	0.960866524262623
SPCS3	2.08672118279457	-0.161228216936044	1.21261232061731	-0.132959408538722	0.894225482700302	0.950839210636088
RPS13	82.6571862261316	-0.162895281848901	0.274908504641824	-0.592543624873068	0.553486617054673	0.935507377393223
PPAPDC1B	1.08133379427861	-0.163064411837494	1.5447201834594	-0.105562427152542	0.915929536919246	0.960006737420361
MRPL11	4.27703077849147	-0.163886966872839	0.832823841597133	-0.196784672444713	0.843996046204405	0.935507377393223
AGR2	1.02479650026363	-0.164149704657801	2.61286464344382	-0.0628236541336668	0.94990692979658	0.976456287298917
NSA2	5.40124335868048	-0.16542289452014	0.733506338104791	-0.225523469841521	0.821572069308515	0.935507377393223
SDCBP	1.1389640945559	-0.167368759703944	1.636006177965	-0.102303256526898	0.918515970537514	0.960767970918091
RPS5	79.6209461717478	-0.167387164107449	0.33236297644606	-0.503627587817727	0.614523102348841	0.935507377393223
RPL18A	110.995585599973	-0.167661346519764	0.275106547629582	-0.609441498082816	0.542231838643205	0.935507377393223
GPBP1	2.3702567431606	-0.168498799209274	1.1932316584892	-0.141212142680338	0.887702353728447	0.948419595848163
ADRM1	20.2383738995435	-0.168950744516466	0.696223855371574	-0.242667273195196	0.808263161932069	0.935507377393223
C10orf35	4.30902312610362	-0.16900347616027	0.904339163976347	-0.18688063382898	0.851754223656707	0.935507377393223
TGFB1	1.0774375713926	-0.169205135516308	1.66524181278248	-0.101609948908009	0.919066282239355	0.960866524262623
MYL12B	17.9756165694026	-0.170316765871709	0.717993606887685	-0.237212092472504	0.812492255576117	0.935507377393223
FTSJ3	1.14163853114983	-0.170760559766118	1.62280361699734	-0.105225646515427	0.916196760711655	0.960147648797968
ATOX1	7.4870008136115	-0.171329480182876	0.705072725116085	-0.242995472778596	0.808008904563884	0.935507377393223
CSDE1	29.9158383592473	-0.171836606428506	0.499910942035546	-0.343734437435634	0.731046010163546	0.935507377393223
STX6	1.12239001723926	-0.172040454959847	1.51079276331024	-0.113874291125737	0.909337445684268	0.957175321413386
AIMP1	2.1673227742684	-0.173170781318267	1.16646552307921	-0.148457693684023	0.881981571467758	0.945929520937608
PALLD	1.13362576727053	-0.173906584798961	1.76845107043238	-0.0983383638408732	0.921663615857554	0.96227700590133
MRPS11	5.39466012595943	-0.173963353465101	0.816317115061069	-0.213107565988111	0.831243063389069	0.935507377393223
KCNK1	1.09070542504644	-0.174729899580686	1.55573030288433	-0.112313746962913	0.910574642269034	0.957447322705742
DHX36	2.31427816983599	-0.177514889096141	1.25818417605456	-0.141088159010866	0.887800297820175	0.948419595848163
UBE2K	5.44814518831954	-0.177634155149871	0.761880620001224	-0.233152216353246	0.815643209173461	0.935507377393223
PTMS	3.28000369074834	-0.178286599257461	1.11934612888433	-0.15927745194881	0.873450284703681	0.942709619732221
RBMX2	2.20194533106941	-0.179334226090314	1.14220914058665	-0.157006470809895	0.875239748385325	0.943819091054331
TANK	1.10807506429459	-0.180888273401316	1.51917674875441	-0.119069932810405	0.905219951387321	0.954732419556844
GNAS	9.79083358043263	-0.181954909567022	0.703616100217677	-0.258599695928974	0.795944117880889	0.935507377393223
GLRX5	5.4234235380603	-0.182221744414931	0.754876494755422	-0.241392791643314	0.809250699030663	0.935507377393223
MEA1	6.49905668206661	-0.182416202693477	0.737595047214471	-0.247312130663529	0.80466667142019	0.935507377393223
USF2	1.08648489922284	-0.183435083746281	1.50837976028171	-0.121610676950493	0.903207357272291	0.954219726804222
AUP1	5.47392517607699	-0.184689702644841	0.824460558830757	-0.224012781044088	0.822747358110149	0.935507377393223
SYF2	2.17773072110684	-0.185245619332984	1.13400842200315	-0.163354712133231	0.870239158323109	0.940894042140311
SAT2	1.09476509325612	-0.186558894299057	1.56395007248961	-0.119286988491953	0.905047991573266	0.954690303000188
MGAT4B	1.10329500738164	-0.18687807934742	1.6469407010002	-0.113469828776426	0.909658081716742	0.957175321413386
LRRC75A-AS1	37.1464911822201	-0.187823323988676	0.47499562859882	-0.395421163227822	0.69253209300943	0.935507377393223
NSFL1C	2.28239272783508	-0.189161914708809	1.18452867530658	-0.15969382476946	0.873122265593875	0.942709619732221
PSME3	1.12057328637397	-0.189226388429145	1.52777735323935	-0.123857306843781	0.901428256785664	0.953247565158275
GTF2F1	1.14918470447713	-0.189270867961736	1.58373488220975	-0.119509186851811	0.904871962144588	0.954679598856525
PDIA4	1.10448743869905	-0.190362662325113	1.90257639059848	-0.100055200551097	0.920300501568159	0.961799815990658
ENY2	6.62091751770615	-0.191321270829918	0.756172767981513	-0.253012643315126	0.800258443053483	0.935507377393223
NDUFAF6	2.18804907678252	-0.192630799885923	1.24624542945819	-0.154568911815123	0.877161180171304	0.94431378102767
FBXW2	1.13568755638497	-0.194173669121635	1.5253761752109	-0.127295595851816	0.898706445952604	0.952550270379307
NDFIP1	3.3855473443022	-0.196787990728095	1.00974288863667	-0.194889206888889	0.845479683840183	0.935507377393223
MRPS22	1.15466159694516	-0.197351051237705	1.57699806954425	-0.125143495765178	0.900409949295448	0.952855896876245
PDIA6	4.43099815440236	-0.198361788919811	0.982400365707616	-0.20191542658571	0.839982841792627	0.935507377393223
RNF139	1.13680636333725	-0.198723365094526	1.54149774297859	-0.128915767797712	0.897424299884132	0.95252842069902
PTMA	15.4099665670047	-0.198782332235112	0.724214190329955	-0.274480029374384	0.783715748756141	0.935507377393223
AQP3	2.12639612018125	-0.199056865232195	1.5746164659539	-0.126416095307124	0.899402562149778	0.952550270379307
MRPL23	1.05045672245614	-0.202275223051475	1.53360840306041	-0.131894962656583	0.895067373038011	0.951239296654594
SARAF	3.3559777515353	-0.20231335561098	0.965458879568468	-0.209551499180792	0.834017737112102	0.935507377393223
HN1L	2.22889754962382	-0.203639154106697	1.14149225239341	-0.178397316039351	0.858410956986846	0.935690336437008
IMP4	3.32520703570759	-0.20437852545397	0.948292107360888	-0.215522752817968	0.829359774668401	0.935507377393223
BANF1	6.69516212050641	-0.20441839057121	0.7532358286827	-0.271386971765148	0.786093421212772	0.935507377393223
PARK7	7.65208331698858	-0.204732887929604	0.73273030058384	-0.279410975315847	0.779929449280295	0.935507377393223
EIF3H	17.0315699931142	-0.204741575548922	0.475266653095189	-0.430793059465747	0.66661884657775	0.935507377393223
CHMP2B	4.53818957956314	-0.205562117986238	0.97466683921925	-0.210905008475411	0.832961395834955	0.935507377393223
STXBP2	1.10241012180975	-0.205571214996218	1.53079842804656	-0.134290192117943	0.893173108549955	0.950763248627223
BAG3	8.80616391179511	-0.205954074875674	1.12863502104415	-0.182480670044367	0.855205522742367	0.935507377393223
C4orf48	5.4249996049306	-0.206242292874375	0.813680865170918	-0.253468284314456	0.799906366550404	0.935507377393223
ZNF768	1.14270251554119	-0.206371764827401	1.62247983970379	-0.127195272185988	0.898785847238577	0.952550270379307
ELOVL1	1.1092185471393	-0.206586965959948	1.56340749881056	-0.132138912034846	0.89487441839583	0.951239296654594
DHRSX	1.10243412226649	-0.20677137676312	1.54672663206331	-0.13368320715296	0.893653084709861	0.950839210636088
PI4KB	1.13326454354077	-0.206932388345941	1.55381213276904	-0.133177225213944	0.894053222034821	0.950839210636088
SULF2	2.31035644143764	-0.208279847057937	1.15407137808826	-0.180473973284873	0.85678048521158	0.935507377393223
IREB2	1.14613549300302	-0.208641603690351	1.52653281798727	-0.136676788885184	0.89128627711888	0.949593497840964
LRRC59	4.49156309604936	-0.209432574995314	0.913616578841281	-0.229234648150685	0.818686544148302	0.935507377393223
ARPC2	21.8332437948984	-0.210086277493147	0.568221264901904	-0.369726179694129	0.71158652332134	0.935507377393223
USP16	2.32879737216071	-0.210208397505668	1.19197512855098	-0.176353006426574	0.860016621406611	0.93598176241059
FABP5	1.12202493254291	-0.211776409200827	2.18155459607795	-0.0970759153044181	0.922666107313237	0.962741503893509
BEST1	1.13582519551516	-0.213484619417541	1.50205087898312	-0.142128753695793	0.886978306556532	0.947936762446095
RARS2	2.26804096856129	-0.213668389830263	1.09233657923623	-0.195606733210071	0.84491798975271	0.935507377393223
SELT	5.59493874880346	-0.214443249590884	0.834275854355556	-0.257041179450809	0.797146984138904	0.935507377393223
CCDC137	1.18781120179427	-0.216879635993168	1.62958290411229	-0.13308904717021	0.894122957180011	0.950839210636088
REST	1.19387651124174	-0.218629596612867	1.58588384477514	-0.137859779159214	0.890351238397433	0.948737077048606
WBSCR16	1.18544800516927	-0.219207117955159	1.57561139243391	-0.139125116134468	0.889351281423306	0.948618838695185
POLR2K	4.54218192162779	-0.219482349657644	0.828374676937654	-0.264955406977226	0.791043814475186	0.935507377393223
NRBF2	1.1780063528833	-0.219606245224149	1.56467119701392	-0.140352967219729	0.888381116655142	0.948532637519341
AFF4	1.21331165812077	-0.220762828248541	1.57394756574582	-0.140260598925309	0.88845409402828	0.948532637519341
RPL35	107.269270025838	-0.222266379781179	0.238812160026558	-0.930716341062619	0.352000314507031	0.935507377393223
RPS4X	109.007295606002	-0.223811875377721	0.331775246319385	-0.674588830422469	0.499937031354655	0.935507377393223
SON	2.34931959848086	-0.223908621028718	1.14902346887957	-0.194868622872477	0.845495798584095	0.935507377393223
RPL8	150.036824015122	-0.223945939702328	0.260743371607867	-0.858874909537956	0.390409533433032	0.935507377393223
NMB	3.21041391474469	-0.225103695061886	1.7294822675745	-0.130156694452601	0.896442455872099	0.952087913599574
RALA	3.35434993141956	-0.226270911250808	0.993281156560119	-0.227801473687892	0.819800580978453	0.935507377393223
CTC-575D19.1	64.5890923563029	-0.22731404479277	0.366200664308422	-0.620736298286235	0.534773142439138	0.935507377393223
C14orf1	3.31283998937277	-0.227757178146826	0.964059648923361	-0.236248014737657	0.813240223414943	0.935507377393223
TMSB4X	28.4382816450923	-0.227769736071243	0.874779216651924	-0.260373968351689	0.794575320879113	0.935507377393223
CSTB	12.1844929264229	-0.229105219177964	0.615358447153505	-0.372311813119244	0.709660704236299	0.935507377393223
DBI	4.49018819039011	-0.229642534629606	0.860861842783176	-0.266758872581887	0.789654821978548	0.935507377393223
MT-RNR2	170.164954623652	-0.229734925420843	0.593065691331073	-0.387368429465592	0.698483472546171	0.935507377393223
DSCAM-AS1	25.055827789489	-0.230523317350759	1.04915022947541	-0.219723840184473	0.826086236574848	0.935507377393223
ZMYND8	1.1929591205502	-0.230547098276402	1.67093525954169	-0.137974883802283	0.890260267494628	0.948737077048606
UBE2S	7.58713356312042	-0.231369120078512	0.732079361010642	-0.316043768477648	0.751969286954172	0.935507377393223
CCNI	14.5249142590284	-0.232031577033199	0.568031785464674	-0.408483438727618	0.682918786787846	0.935507377393223
CDK16	2.28185957540195	-0.233033668606451	1.13134166581363	-0.20597992246565	0.836806594570072	0.935507377393223
HSPH1	11.3448571401679	-0.234524013688155	0.926031806674279	-0.253256974542178	0.800069641813398	0.935507377393223
EEF1B2	41.4514415657996	-0.234777068818099	0.436441641322105	-0.537934620782044	0.590622185879239	0.935507377393223
PMVK	1.17285223477941	-0.236695910428983	1.63303053563874	-0.144942733931428	0.884756085871629	0.94682126046141
THUMPD3	1.19015919893129	-0.237407702929562	1.63446356071962	-0.145251144555977	0.884512586545707	0.946788608667931
GADD45A	5.78548203418084	-0.237525239825975	1.0125348429568	-0.234584756740179	0.814531041806282	0.935507377393223
PHLDA2	6.67806998867334	-0.237997912806581	0.962528976311531	-0.247263114840036	0.804704602705347	0.935507377393223
MALSU1	1.16315031674626	-0.238737279142142	1.65142985353227	-0.1445639841326	0.885055134949424	0.947001136552128
MYH9	1.15040138537845	-0.239323360053005	1.76576674817968	-0.135535092786022	0.892188820198274	0.950395503710585
NRBP1	2.3706763404156	-0.239386126651013	1.198513566751	-0.19973585055024	0.841687174001375	0.935507377393223
TROVE2	1.20580609206261	-0.239806934406384	1.59773822005641	-0.15009150522663	0.88069242191392	0.945175030792528
USP8	3.5914353081011	-0.23991934670654	1.05148644561545	-0.228171601932645	0.819512837534286	0.935507377393223
TPD52	2.27383024124546	-0.240945815962605	1.35212769689993	-0.178197530096476	0.858567849378671	0.935690336437008
HEXB	1.20275876547452	-0.241951998754718	1.61259954672076	-0.150038488629573	0.880734249409495	0.945175030792528
IFRD2	1.15953432439286	-0.242203951764779	1.59116038873362	-0.15221843974984	0.879014650619165	0.944872147855981
RPS25	29.4521286011577	-0.244272837273655	0.395685412872246	-0.617341022254268	0.537009814295923	0.935507377393223
CNBP	5.76561032004267	-0.244907826155002	0.796979766515751	-0.307294910667173	0.758618909115275	0.935507377393223
YDJC	3.48857737826213	-0.245886737190378	0.979389847354808	-0.25106114572709	0.80176683518861	0.935507377393223
MED28	1.16815383102607	-0.246158023931353	1.54586798208067	-0.159236122867385	0.873482845001505	0.942709619732221
NUDT3	2.31368676176002	-0.246374544214444	1.08778681398276	-0.226491570818349	0.820819114427211	0.935507377393223
COX8A	12.2839528105964	-0.247534343491001	0.580570789339209	-0.426363757936802	0.669842805737752	0.935507377393223
MAPKAP1	2.32964146995494	-0.248096668371915	1.12534327372317	-0.220463101495328	0.825510506162626	0.935507377393223
CLTB	26.6257428040613	-0.250552431236428	0.67453468176137	-0.371444846367538	0.710306228308342	0.935507377393223
RAP1B	3.52948447010441	-0.251993955079213	1.00251536261682	-0.251361689282689	0.801534484517725	0.935507377393223
FAM3C	2.343655030096	-0.252151594220553	1.1782423031618	-0.214006570247823	0.830541933558684	0.935507377393223
ATP6V1F	16.6557062229278	-0.252570004098022	0.598411730749045	-0.422067267601647	0.672975918816985	0.935507377393223
CIRBP	2.35658685871563	-0.25265331867419	1.28867167842469	-0.196057167162269	0.844565421221134	0.935507377393223
APPL1	1.19630114568098	-0.253577032245806	1.58336042066816	-0.160151175269873	0.8727619893461	0.942635092600694
NDUFS8	7.91510752074884	-0.255075165181178	0.699482231754714	-0.364662822872997	0.715363113332371	0.935507377393223
BAG1	5.66673970037955	-0.255213504344204	0.933262387544092	-0.273463827269205	0.784496694618894	0.935507377393223
STAMBP	1.20033323972802	-0.255390965322776	1.5756518555245	-0.162085910302668	0.871238201428086	0.94141115279834
SAP18	15.8168672734864	-0.2560904351972	0.624276561767359	-0.410219525897615	0.681644918645449	0.935507377393223
PFDN5	25.3114649091035	-0.257104041290583	0.504125996296684	-0.509999569907667	0.610051763110775	0.935507377393223
GSTZ1	1.15860228549146	-0.257368809965002	1.61506258819423	-0.159355316534674	0.873388941215018	0.942709619732221
SNHG15	3.48082897779754	-0.257884331947984	1.30575840460479	-0.197497738508555	0.843438050997914	0.935507377393223
NBEAL1	1.13249304941601	-0.258388038966574	1.49248592692373	-0.173125946654088	0.862552430410655	0.936448153830189
CSRP1	1.17917935267024	-0.258497096079806	1.83470930755292	-0.140892671670469	0.88795473155747	0.948419595848163
THAP4	1.16725959262786	-0.258852141964524	1.50927002114855	-0.171508171723664	0.863824205537846	0.937321853277936
ISCA1	4.6188632035588	-0.259105695084619	0.872375330903135	-0.297011717211647	0.766457563541	0.935507377393223
SNX5	1.17436898364852	-0.259915071660178	1.57952032065277	-0.164553167351948	0.869295695622826	0.940436441509374
PSMG1	2.31615057889431	-0.260091449952262	1.15341058350345	-0.225497714059673	0.821592103497702	0.935507377393223
LAMP2	1.17571670766326	-0.260834757401689	1.70064629121581	-0.1533739018801	0.87810342464805	0.94431378102767
SRCAP	4.55797393735472	-0.261404635182109	1.0720337237242	-0.243839936559086	0.807354788779223	0.935507377393223
CCS	1.1679651291403	-0.261545162673674	1.62155851089227	-0.16129246087442	0.871863060869597	0.941945583915741
HOMER3	1.17347019400281	-0.261827854910466	1.5813982822039	-0.165567307019944	0.868497477354683	0.939994799992773
LIMS1	1.21200074144617	-0.262808847073215	1.54346527932438	-0.170271952724621	0.864796267631586	0.937480849012924
PSMA3	8.16610723614925	-0.263566164490965	0.853426155912736	-0.308833005251734	0.757448561016772	0.935507377393223
PLA2G12A	5.66596656096588	-0.263907926189379	0.851786592462959	-0.309828692450163	0.756691231104868	0.935507377393223
ARPC4	3.64170251305448	-0.264534286085724	1.00511190496533	-0.263188889494697	0.792404993917804	0.935507377393223
DARS	1.17250749425655	-0.265320931662469	1.52440987194013	-0.174048290126062	0.861827511317787	0.936176267038079
CHMP4B	5.71160571583247	-0.26538749421742	0.793128733658498	-0.334608346608824	0.737920547843498	0.935507377393223
RPS27	109.782073338264	-0.265430696682797	0.401935740164524	-0.66038092699631	0.509009408704999	0.935507377393223
FDX1	2.30422285293062	-0.26553015894293	1.29520779013709	-0.205009698802711	0.837564547416977	0.935507377393223
NQO1	4.63327949404077	-0.26562814348757	1.15784428836033	-0.229416119384875	0.818545508775187	0.935507377393223
RPS19	330.618526552554	-0.267364449318849	0.241353477478548	-1.10777127436506	0.267960608878645	0.935507377393223
LYRM2	2.37908692274946	-0.267442383055735	1.15950491540397	-0.23065222018706	0.817584995390455	0.935507377393223
SKP1	13.7290657055417	-0.268623396074481	0.663299273924881	-0.404980687653975	0.685491706723964	0.935507377393223
POLR2I	7.91754200153896	-0.269758456521075	0.717702751933706	-0.375863762252917	0.707018181974248	0.935507377393223
MCFD2	2.33911490736566	-0.270142522940988	1.17494660413031	-0.229918978438127	0.818154728688165	0.935507377393223
MDH1	1.19208387985349	-0.27542877814002	1.6626089374966	-0.165660590369937	0.868424061766051	0.939994799992773
AC004453.8	1.15576546835457	-0.275910929262091	1.49101009153456	-0.185049672586805	0.85319007521166	0.935507377393223
DCAF13	2.38638633553992	-0.27605248631384	1.2734526836396	-0.216774827883567	0.828383829952063	0.935507377393223
RPL3P4	1.10997245615082	-0.276936791798801	1.49120182018834	-0.185713823608278	0.852669187236922	0.935507377393223
CCDC91	1.21517964025295	-0.278759676322352	1.60021669777958	-0.174201204567576	0.861707338904166	0.936176267038079
ANP32B	7.05151578858796	-0.27952072237122	0.750075109894741	-0.372656976193285	0.709403761481867	0.935507377393223
UBB	45.3334282648787	-0.279761633442131	0.718698333313504	-0.389261558674153	0.697082669916704	0.935507377393223
SEC11C	2.26976011197297	-0.279782763530539	1.19770170836566	-0.233599703145051	0.815295758227641	0.935507377393223
PEBP1	6.85377359119815	-0.280556727002722	0.835504145027093	-0.335793339473647	0.737026713173541	0.935507377393223
SERF2	22.6135663684827	-0.281709438113034	0.591887555362392	-0.475950939601278	0.634109330210558	0.935507377393223
CCZ1	1.21033963734195	-0.283520927543089	1.56231609369913	-0.181474753211938	0.855994948141955	0.935507377393223
TRIM28	1.20945046876564	-0.283603278058364	1.62193600341881	-0.174854789252208	0.861193735833951	0.936012611425718
CUEDC2	1.15949439644743	-0.286463627069447	1.53688945570883	-0.186391822785541	0.852137504540121	0.935507377393223
ANAPC16	3.47763348621145	-0.286666902598767	0.954349710730572	-0.300379304751209	0.763887847668812	0.935507377393223
RPS9	43.0098224673283	-0.286921646126768	0.402573677216025	-0.712718347883443	0.47602006049553	0.935507377393223
CCNB1IP1	2.31514346121848	-0.287579696819225	1.203578829946	-0.238937151156212	0.811154317289471	0.935507377393223
SUPT6H	1.19758239510975	-0.287747365041337	1.52594096654805	-0.188570443647156	0.85042949972725	0.935507377393223
DMKN	2.32147642551951	-0.290889135436137	1.31593997036451	-0.221050459737583	0.825053143438693	0.935507377393223
ZNHIT2	1.21716527591917	-0.291356759944119	1.53577207719367	-0.189713541658159	0.849533608813789	0.935507377393223
CCNG1	1.1746646783181	-0.291539552567994	1.52814080564281	-0.190780556013853	0.848697522931927	0.935507377393223
DYNC1LI2	1.23756334634593	-0.292954434053508	1.61861283951805	-0.180991047952354	0.856374602672558	0.935507377393223
TCEB1	8.17972402893207	-0.294352208562851	0.703528823466268	-0.418393957354279	0.675659103841537	0.935507377393223
PSMA7	59.6152447053472	-0.295453557512095	0.582142834579367	-0.50752760312781	0.61178467361294	0.935507377393223
HPS1	1.17742323374741	-0.296700329507004	1.51987410585981	-0.195213753799139	0.845225612221531	0.935507377393223
C12orf57	2.40113755341693	-0.296940779527157	1.19672841376403	-0.24812712400903	0.804036049780426	0.935507377393223
RAB5B	1.22152113421592	-0.297666984795409	1.50987948234195	-0.197146188339285	0.843713139561142	0.935507377393223
SDHAF1	1.21437229017874	-0.299396529285051	1.55113340662119	-0.19301791064975	0.846944941174985	0.935507377393223
CLDN4	4.79224500940562	-0.301280811885038	1.07772702157039	-0.279552062679132	0.779821189578901	0.935507377393223
RPUSD1	1.16835077735426	-0.302343314067445	1.52559536480101	-0.198180540556952	0.842903811916357	0.935507377393223
NEMF	1.27136201603713	-0.302439374138605	1.57395314849244	-0.192152717143002	0.8476225819078	0.935507377393223
ATF4	7.03068060353829	-0.303278979380401	0.723524232517414	-0.419169069604177	0.675092575274674	0.935507377393223
SPCS2	2.44914572568078	-0.304723518271076	1.21192787960646	-0.251437006606389	0.801476259332216	0.935507377393223
CAPN1	1.20500346871135	-0.305789380036565	1.57698606588177	-0.193907471126312	0.846248333619978	0.935507377393223
DNAJA3	1.22882312326917	-0.306227534611081	1.54966538255881	-0.19760881159095	0.843351140104232	0.935507377393223
NOP56	1.2574536205749	-0.3091955039472	1.70758677474406	-0.181071620207144	0.856311360154312	0.935507377393223
VAMP7	1.24208687023936	-0.31134695816324	1.53978794855517	-0.202201191700056	0.839759441530761	0.935507377393223
ATP5E	55.7345145532834	-0.312141930230638	0.402635836559052	-0.775246269428525	0.438194152195566	0.935507377393223
BDP1	1.30426690558339	-0.312402787542604	1.68075599742654	-0.185870398809187	0.852546395993733	0.935507377393223
RNF10	3.69887591829289	-0.31362718744797	0.95622847571888	-0.327983526334738	0.742924118374052	0.935507377393223
NUDT21	1.13144305537973	-0.314697215548701	1.52746017024468	-0.206026462541599	0.836770240586788	0.935507377393223
DAZAP2	2.45445170597717	-0.315630958582003	1.13648994650826	-0.277724373675054	0.781223948871464	0.935507377393223
B4GALT1	1.28230067913736	-0.31587779929911	2.5932611083695	-0.121807171009369	0.903051734599866	0.954219726804222
MFSD1	1.2381826030765	-0.315898265418922	1.57115174446565	-0.201061588437697	0.840650416605014	0.935507377393223
SNRPG	6.09375796200699	-0.316900462957952	0.805501066281871	-0.39342028983368	0.694009086260283	0.935507377393223
FTL	211.439111914692	-0.317040159917248	0.802376340299093	-0.395126506096962	0.692749528096174	0.935507377393223
ANXA5	1.28428746474116	-0.318675959157341	1.70143975818814	-0.187297820932961	0.851427131399701	0.935507377393223
RPL41.1	116.870147239455	-0.320158018067733	0.388970777522383	-0.823090156301807	0.410456726188516	0.935507377393223
SSR3	3.54134580217151	-0.322061230627645	0.983368007981733	-0.327508346838173	0.743283430901453	0.935507377393223
SPAG7	2.4086989839882	-0.323302534920067	1.12428116605183	-0.287563773798168	0.773680678338886	0.935507377393223
RHEB	10.8143105854299	-0.326790646749426	0.679455863111082	-0.480959344810305	0.630545393602314	0.935507377393223
C19orf25	1.26472593961155	-0.327978024014787	1.55221013154869	-0.211297437987698	0.832655181985417	0.935507377393223
LRRFIP1	3.69638845378989	-0.329508973172907	1.00229824541315	-0.328753417139908	0.742342075336881	0.935507377393223
MTHFD1L	1.20941353519132	-0.329751316649793	1.55846133535917	-0.21158774309521	0.832428672431601	0.935507377393223
RWDD1	6.02010667651483	-0.330353201278893	0.89649571563232	-0.368493898541263	0.712504993841741	0.935507377393223
TMEM14B	3.63621306979965	-0.330514608698916	0.958376690191003	-0.344869206525719	0.730192701624899	0.935507377393223
MOSPD1	1.23318877564532	-0.330669666901289	1.53141897216987	-0.215923710565477	0.829047214672207	0.935507377393223
C19orf33	1.19555439216569	-0.33217962291171	1.75421222474551	-0.189361137852007	0.849809780889855	0.935507377393223
RPS29	63.9663729842308	-0.33263615842711	0.366486181685282	-0.907636290398416	0.364070414161001	0.935507377393223
EIF1AD	1.25956962836631	-0.332715212874818	1.53213180745427	-0.217158348424112	0.828084943252173	0.935507377393223
TMEM141	4.76216033158631	-0.334918105472111	0.932236164772579	-0.359263154689793	0.719398235156724	0.935507377393223
UBN1	2.57101524246446	-0.335657747831994	1.22756562603225	-0.273433648445266	0.784519890205442	0.935507377393223
MZT2A	4.78681204160883	-0.336537173919861	0.916353712681316	-0.367256845541804	0.713427440604198	0.935507377393223
TBC1D9B	1.23092149660094	-0.337513697484065	1.51126249634198	-0.223332279005811	0.823276906604504	0.935507377393223
MGMT	1.2640469804854	-0.338343585169264	1.65960411432266	-0.203870056870372	0.838455044797627	0.935507377393223
EIF3K	12.9723670266437	-0.338835401605417	0.538176213201814	-0.629599364099645	0.528956739736622	0.935507377393223
SECISBP2	1.23792953371433	-0.340071303759636	1.54974196079465	-0.219437372390215	0.82630936041217	0.935507377393223
SDR42E1	1.26221090923198	-0.341005392513032	1.58042582306184	-0.21576804652077	0.829168556799034	0.935507377393223
ANXA2	21.4891082140307	-0.343995139867197	0.678571876415387	-0.506939871549614	0.612197008539861	0.935507377393223
BRI3	9.55898809725745	-0.345983662300416	0.720741570366491	-0.480038444465589	0.63120005676856	0.935507377393223
ARL8B	2.44028436833747	-0.346039527814667	1.11729313636047	-0.309712390198578	0.756779679756156	0.935507377393223
SMUG1	1.2434254992815	-0.346126461639933	1.51482769443132	-0.228492298439177	0.819263542738017	0.935507377393223
MAPRE1	1.22850828256261	-0.347062631392259	1.51740927234927	-0.228720515761007	0.819086148153666	0.935507377393223
PCP4	1.24102960322103	-0.34714219589464	4.12670375639001	-0.0841209392259151	0.932960276553769	0.968139085531
MT1X	1.19834604584571	-0.347216279285717	1.87020236140816	-0.185657063882799	0.852713700897483	0.935507377393223
ILF2	2.52031258823127	-0.347486152023414	1.24766501769292	-0.278509172811431	0.780621524603155	0.935507377393223
ZRANB2	1.32566263881345	-0.347543387950624	1.58092891836117	-0.219834923578282	0.825999719795733	0.935507377393223
COX7A2	20.3306993381391	-0.347557881204998	0.57285905343937	-0.606707494833688	0.544045047421066	0.935507377393223
RPS14	171.872058711129	-0.348471077511313	0.218198457875722	-1.59703730678881	0.110257391487596	0.935507377393223
LCN2	1.20466985628572	-0.349546354421167	2.58173459787467	-0.135392055677962	0.892301904949684	0.950395503710585
RP11-785H5.1	3.69377496479985	-0.349723127395855	1.02480614727905	-0.341257835273922	0.732909487251538	0.935507377393223
PDHA1	1.25431534803057	-0.351304594246572	1.68223612801094	-0.208831916279168	0.834579455020925	0.935507377393223
RPL9	60.9170417225457	-0.351487096318038	0.302474592734637	-1.1620384149964	0.245219861167457	0.935507377393223
PFDN1	2.53233623124121	-0.351948002753496	1.13609921917468	-0.309786325712968	0.756723450926931	0.935507377393223
RPL18	112.932071991117	-0.352608333484614	0.29321449195036	-1.20256107104116	0.22914621981904	0.935507377393223
RIPK2	1.24041408118162	-0.354167052151576	1.52717602980987	-0.23190977676337	0.816608090765543	0.935507377393223
DNAL1	1.23128075410129	-0.356413788948289	1.53039835384733	-0.232889553267151	0.815847170713681	0.935507377393223
CIR1	1.28543572407754	-0.356638208100636	1.52912042761651	-0.233230948759568	0.815582074797194	0.935507377393223
PSMC4	8.51264268119268	-0.356648422595175	0.891128211756138	-0.400221222816335	0.688993584474436	0.935507377393223
SERPINB1	1.22789134890575	-0.356951972183354	1.57983323411024	-0.225942817555924	0.821245895185843	0.935507377393223
HNRNPUL1	1.28069465407066	-0.359024586564391	1.51755351937549	-0.236581169613141	0.812981730008484	0.935507377393223
PFN2	2.52963915583932	-0.360779841179433	1.2118751763922	-0.297703796733827	0.765929245381624	0.935507377393223
COX6A1	18.2056869839282	-0.361456393327495	0.55123080955509	-0.655726035377512	0.512000414063346	0.935507377393223
PPP1R35	1.23658421420973	-0.362213860723614	1.56461023009732	-0.231504213481388	0.816923112456172	0.935507377393223
ACTN4	1.25911710200047	-0.362853048399071	1.54610988720978	-0.234687748523425	0.814451097455919	0.935507377393223
S100A10	52.5158591756443	-0.363504295700484	0.701044920372721	-0.518517836927229	0.604097018381751	0.935507377393223
RPS15A	156.987229167434	-0.364557680567754	0.24938454703243	-1.46182947141608	0.143787945848333	0.935507377393223
MRPS6	3.77341997488117	-0.365383196256256	1.15579188264625	-0.316132343324379	0.751902058220679	0.935507377393223
RPS12	184.082473425784	-0.366063948077195	0.422941772724312	-0.865518545778188	0.386754241300022	0.935507377393223
FAM129A	1.30727128181388	-0.366112771069686	1.75299923628605	-0.208849361420911	0.834565836064992	0.935507377393223
C21orf59	1.28030770275336	-0.366630788954774	1.61696760130378	-0.226739724815238	0.820626135532778	0.935507377393223
GADD45G	1.33571124104062	-0.366702510625172	1.9828551463564	-0.184936610875992	0.853278754929116	0.935507377393223
TMED4	1.34497004026804	-0.36742811204118	1.60736195841406	-0.228590772674321	0.819186997036183	0.935507377393223
TNPO3	1.28343831262346	-0.367466261079438	1.55751166993859	-0.235931626177751	0.813485726747062	0.935507377393223
RAB11A	2.50460994120371	-0.368310443177285	1.12934171363934	-0.326128432810999	0.744327185752211	0.935507377393223
HSPA1B	7.44876328242297	-0.368850983594364	1.16395492947947	-0.31689455858855	0.751323611028767	0.935507377393223
PHB2	3.61922564662944	-0.369159437866557	0.922534041991754	-0.400158065787514	0.689040098640731	0.935507377393223
SYAP1	5.04371680096398	-0.369614380592692	0.86227327066859	-0.428651093760683	0.668177156609564	0.935507377393223
MAPRE3	1.28607240574604	-0.369833583884508	1.6062791481791	-0.230242411042786	0.817903407729863	0.935507377393223
C11orf58	6.35886065972526	-0.369927756768282	0.816240085433837	-0.453209494816298	0.65039789608754	0.935507377393223
MRPS21	8.4707725354841	-0.369944778720687	0.665113759916005	-0.556212787970898	0.578065398179239	0.935507377393223
RAB1A	3.80349492726047	-0.370731487294992	1.01234984066311	-0.366208866148638	0.714209226815158	0.935507377393223
NEDD8	14.5325221195581	-0.372133873961631	0.57028328369048	-0.652542139326681	0.514051497837321	0.935507377393223
C7orf73	9.71576174480047	-0.372439751015163	0.748215978695626	-0.497770378633776	0.618645896320721	0.935507377393223
SLC25A3	8.57114126076521	-0.372687979276731	0.832439873935517	-0.447705583245043	0.654365691696516	0.935507377393223
LINC01420	4.92797515572063	-0.372809115565244	0.92059846137799	-0.404963869923493	0.685504068895037	0.935507377393223
H2AFZ	5.02517357738	-0.373111034957919	0.974242534672933	-0.382975513467165	0.701737919914384	0.935507377393223
FPGS	1.26026974112614	-0.373282732135876	1.54065462676988	-0.242288391992497	0.808556707709725	0.935507377393223
UBE2A	6.16367477011961	-0.374451270183518	0.799505357244647	-0.468353672418154	0.639531692026701	0.935507377393223
EI24	2.52691874532772	-0.375285944009689	1.14922325134139	-0.326556170501814	0.744003598391067	0.935507377393223
TRA2B	2.57292574589722	-0.375304524026094	1.23706814542436	-0.30338225538687	0.761598566991075	0.935507377393223
C14orf2	14.5784117297441	-0.37556956359538	0.613070521118381	-0.612604179548962	0.54013809398682	0.935507377393223
UFC1	2.42470012516738	-0.377150945213525	1.10451573793615	-0.341462717333711	0.732755267318197	0.935507377393223
CNOT2	1.33304981355165	-0.377341102613173	1.52879818904313	-0.2468220497104	0.805045945137	0.935507377393223
METRNL	2.45680073194294	-0.379531601230725	1.19308630930264	-0.318109090911086	0.75040218799608	0.935507377393223
CTBP2	1.2651991812065	-0.380331707691317	1.53609692461175	-0.24759616505804	0.804446878198092	0.935507377393223
IRF2BP2	1.2820687894513	-0.381482623563141	1.5691955143294	-0.243107133610543	0.807922405147281	0.935507377393223
PPP1R15A	2.60076154844504	-0.38248728342942	1.30302143159959	-0.29353875090134	0.769110384349602	0.935507377393223
DAD1	4.98853870421608	-0.382930236642707	0.887171375593081	-0.431630513762591	0.666009977349698	0.935507377393223
BLOC1S2	5.05909291060013	-0.386844485190638	0.796405090482741	-0.485738338206944	0.627152697876928	0.935507377393223
RPL35A	78.6392066382796	-0.387635193535471	0.295485194091413	-1.3118599553775	0.189567391024548	0.935507377393223
GLTSCR2	12.0768330254429	-0.38779469078302	0.619962181481899	-0.625513462540686	0.531634115450589	0.935507377393223
MRPL21	8.71529490432863	-0.388957357769602	0.724294018495789	-0.537015835885801	0.591256675446091	0.935507377393223
PGAM1	3.77012590410735	-0.389837699507922	0.994218032271405	-0.392104837021808	0.694980753694191	0.935507377393223
MYC	1.30199496120246	-0.390637862298016	2.05167822649902	-0.19039918504404	0.84899633623311	0.935507377393223
ALG3	1.25099987737883	-0.39126949483148	1.53287351177574	-0.255252303484726	0.798528236253047	0.935507377393223
CXorf40B	1.2595889630791	-0.391571383440976	1.52593935165951	-0.256610056628483	0.79747981084792	0.935507377393223
NCBP2	1.31967299050919	-0.393567044152087	1.52152235319155	-0.258666619866964	0.795892476680419	0.935507377393223
PPIA	9.90846759237177	-0.393750684008759	0.643809956615759	-0.611594586201404	0.540806020859908	0.935507377393223
ANXA7	2.57924541517445	-0.393813187405964	1.22537527003163	-0.321381699987953	0.74792114945923	0.935507377393223
MAPKAPK2	1.27321394712574	-0.395728789181639	1.51234570975191	-0.261665561405636	0.793579293660879	0.935507377393223
CTDNEP1	2.48336217470124	-0.396332502003701	1.08330283955002	-0.365855684610158	0.714472765726339	0.935507377393223
NOP58	1.36903797588968	-0.397479579575522	1.76053419009507	-0.225772144506922	0.82137864318364	0.935507377393223
TAF12	1.26138945462106	-0.398944079893123	1.52330236673337	-0.2618942165426	0.79340299857656	0.935507377393223
DNAJC30	1.29525326625502	-0.400393940736201	1.55300598421482	-0.257818672178932	0.796546853218794	0.935507377393223
CCM2	1.26324910096663	-0.401081295976168	1.53169913832251	-0.261853836658434	0.79343413104851	0.935507377393223
CHMP2A	1.29832777945499	-0.401774219183382	1.61437250359355	-0.248873304202743	0.803458785858883	0.935507377393223
EIF3L	4.75130460891737	-0.404534444750911	0.841748532285493	-0.480588238927521	0.630809175955585	0.935507377393223
SURF6	1.32328067433623	-0.405143401142789	1.54060392991158	-0.262977000951854	0.792568305957167	0.935507377393223
ARHGEF35	1.29953641766965	-0.40540591081916	1.59017807967203	-0.254943717311696	0.798766570069153	0.935507377393223
TMEM167A	5.06135359711523	-0.406379783152353	0.859132291368394	-0.473011883309713	0.636204701164701	0.935507377393223
EMG1	2.60987285297433	-0.406564650196032	1.17459943077826	-0.34613046758132	0.729244667159498	0.935507377393223
AC093673.5	1.25312804907329	-0.406723548395821	1.68177198179656	-0.24184226684603	0.808902386619518	0.935507377393223
RALY	5.07799420142698	-0.408967303976362	0.845959632229969	-0.483435956510496	0.628786222840177	0.935507377393223
CLDN3	1.30414833928048	-0.409187121046277	1.65798548565358	-0.246797770298318	0.805064736170852	0.935507377393223
BAK1	1.35689892229673	-0.409919024637104	1.62589024729436	-0.252119738905655	0.80094851323633	0.935507377393223
COX7C	15.0424887779824	-0.410305343595198	0.590044997432711	-0.695379751341743	0.486817346736443	0.935507377393223
TM9SF3	1.35675626436499	-0.410334905966311	1.56192453631607	-0.262711095463113	0.792773264163731	0.935507377393223
FAF1	1.33715586749122	-0.410463620384962	1.57887585703418	-0.259972067187089	0.794885320117506	0.935507377393223
COA3	1.2716496655823	-0.411298837870667	1.57094716805414	-0.261815830751408	0.79346343350943	0.935507377393223
REXO4	2.63444677831213	-0.412613241589251	1.22043272092071	-0.338087659005054	0.73529713023755	0.935507377393223
LINC00152	1.2873872185702	-0.412758994984918	1.86109333696288	-0.221783070621542	0.824482758969396	0.935507377393223
SSB	2.65454793039475	-0.420153136188797	1.30335458830903	-0.322362878036055	0.747177803422201	0.935507377393223
COQ10B	1.37292663516619	-0.4224763054684	1.56461147706352	-0.270019945310198	0.787144909213036	0.935507377393223
DAPK3	1.30682628138593	-0.424200529423878	1.63250603182448	-0.259846224855778	0.794982392998732	0.935507377393223
TAF10	1.25039631653016	-0.424279296801569	1.53159557194285	-0.277017839809607	0.781766407812494	0.935507377393223
HSP90AA1	196.310966063117	-0.428691181909375	0.744048306764057	-0.576160415946374	0.564506758126134	0.935507377393223
BPTF	2.74030862567916	-0.430393116416309	1.20097712511196	-0.358369120790862	0.720067097183403	0.935507377393223
ECE2	1.31126591851313	-0.433502974515475	1.57304554246486	-0.275581960479163	0.782869166773438	0.935507377393223
JTB	11.4008212329935	-0.434547850618076	0.66193722272716	-0.656478946489447	0.51151600943318	0.935507377393223
FADD	1.37197865174759	-0.440328632694772	1.53404292978642	-0.287038011873681	0.774083215021852	0.935507377393223
UBQLN1	4.03106010024543	-0.44050912983585	0.964127957722647	-0.456899031199521	0.647743620377513	0.935507377393223
RNF216P1	1.3864368976649	-0.44194403833348	1.54855387035093	-0.285391452499698	0.775344255290146	0.935507377393223
FTH1	425.248310258094	-0.443986639115194	0.792327335498809	-0.560357593665101	0.575235550496525	0.935507377393223
LDHA	2.57486131068706	-0.444647457190333	1.53531637746047	-0.289612918690944	0.772112382697703	0.935507377393223
FTSJ2	1.34018680919256	-0.444788611842281	1.55111049911191	-0.28675494885564	0.774299960423517	0.935507377393223
MGST1	7.78274791281298	-0.445312911364959	1.03372468825446	-0.430784827357573	0.666624832804146	0.935507377393223
MED13	1.38484337623462	-0.448294642559328	1.54417679517067	-0.290313028897562	0.771576772246747	0.935507377393223
AKT1S1	2.62024683586413	-0.448447436916367	1.13837754071584	-0.393935597705462	0.693628587846838	0.935507377393223
C6orf47	1.35519397627946	-0.449168995723674	1.54172600772772	-0.291341647914265	0.770790037807101	0.935507377393223
NPM1	19.2883564867745	-0.451144601127966	0.717648093690956	-0.628643209804504	0.529582665092457	0.935507377393223
CCSER2	1.38029923989281	-0.452366260374892	1.59648281849671	-0.283351787525563	0.776907182445823	0.935507377393223
G6PC3	1.31070071416081	-0.452403865854474	1.57754119572756	-0.286777845852593	0.774282427211208	0.935507377393223
LAMTOR5	11.5989424281075	-0.452960157826296	0.643846831260211	-0.703521607677575	0.481730745799507	0.935507377393223
HSPE1	33.4323685047333	-0.456692247431634	0.709124951869466	-0.644022250560576	0.519561005561633	0.935507377393223
DNAJC2	9.36847261453778	-0.457795372670616	0.793553576702799	-0.576892835103519	0.564011850997229	0.935507377393223
SSNA1	6.60677315609757	-0.458827383253844	0.838969055903328	-0.546894286535776	0.584451361197684	0.935507377393223
WDR5	1.31272705456914	-0.459188300786329	1.53076030433384	-0.299974006045421	0.764196983254506	0.935507377393223
BCAS3	7.77662492231931	-0.459289917413226	0.892559633986683	-0.514576169394726	0.606849221252317	0.935507377393223
SAR1B	1.32774203012022	-0.460049461760006	1.54533535974363	-0.297702022321114	0.765930599789868	0.935507377393223
CDK2AP2	2.61560270073194	-0.460452894782313	1.19392154602895	-0.385664281136232	0.699745319608883	0.935507377393223
METTL9	3.9734235560466	-0.462003575186709	0.906690029358678	-0.509549636840602	0.61036701513626	0.935507377393223
CTNNBIP1	1.35454454783268	-0.462226444633071	1.59414812976353	-0.289952003833945	0.771852956323476	0.935507377393223
MRPS14	2.63014387182211	-0.463046948761579	1.1277365808865	-0.410598500225634	0.681366963617659	0.935507377393223
PPP1R7	1.35991144038229	-0.464514749464329	1.54522864621749	-0.300612307829912	0.763710145054446	0.935507377393223
UQCRFS1	5.34396580341196	-0.465058430992687	0.857880932037038	-0.542101372842506	0.587748673042018	0.935507377393223
UBFD1	2.65421723891989	-0.465426613401583	1.10304639645742	-0.421946542680671	0.673064036947812	0.935507377393223
SDAD1	1.36890096649459	-0.468359672420573	1.54040875023894	-0.304048956063072	0.761090594024968	0.935507377393223
SNHG12	6.55591729957354	-0.470662733536293	1.38887268009723	-0.338881123000666	0.734699285581663	0.935507377393223
KRR1	1.38567295205008	-0.471200988033383	1.62821129496556	-0.289397935937639	0.772276874339158	0.935507377393223
RPL10	171.65294537203	-0.472335678658603	0.338001844806303	-1.39743520905717	0.162282737472792	0.935507377393223
UBE3C	1.35937286183957	-0.472419118101658	1.56780580964399	-0.301325020736422	0.76316666324141	0.935507377393223
VPS4A	2.71844667624069	-0.472439494973928	1.12621833321508	-0.419491923582195	0.674856655985466	0.935507377393223
HOMER2	1.36445138792972	-0.472654594037382	1.6303662469987	-0.289907003967655	0.771887383236268	0.935507377393223
EEF1A1	178.605977269593	-0.47286373665223	0.34652486188721	-1.36458819744409	0.172382516393529	0.935507377393223
MAP1B	8.04432135145686	-0.472984640721097	1.10998119576744	-0.426119507721999	0.670020766101675	0.935507377393223
LYAR	1.35105300003565	-0.473199922863717	1.56443596643091	-0.302473180761289	0.762291375197202	0.935507377393223
NPLOC4	1.38649321431288	-0.474304351899649	1.50282308876781	-0.315608906626886	0.752299376476914	0.935507377393223
SLC35F6	1.45704774629675	-0.476505538647008	1.7925672824287	-0.265822958679355	0.790375560690845	0.935507377393223
SLC25A39	6.57180501380202	-0.477415473676218	0.826474105582052	-0.577653274859705	0.563498231130072	0.935507377393223
HSP90B1	5.3450655604899	-0.477580717998107	1.20836290353709	-0.395229542879995	0.692673491720523	0.935507377393223
GANAB	1.28092872824008	-0.478987967854335	1.53130945742781	-0.312796323127859	0.754435409036687	0.935507377393223
DTYMK	1.35205815431068	-0.480628493991042	1.5841559101237	-0.303397216725665	0.761587166511283	0.935507377393223
ATP5G3	7.98458376349676	-0.48335415187982	0.799544744752127	-0.604536712988674	0.545486868361295	0.935507377393223
PSMC2	4.09759688537034	-0.484847019614954	1.05395910076063	-0.46002451069026	0.645498627302357	0.935507377393223
NONO	1.4051960556145	-0.486283086590794	1.58444688864776	-0.306910310515874	0.7589116409241	0.935507377393223
BRK1	10.6079626900694	-0.486289381306836	0.624316342296564	-0.778915028105796	0.43602977072095	0.935507377393223
SRSF7	2.82499554723596	-0.486757574893079	1.33456486374622	-0.364731297905382	0.715311993329699	0.935507377393223
SBDS	4.11806466783527	-0.487040603610496	1.00330245643794	-0.485437467520665	0.627366060120984	0.935507377393223
RPL41	1.28979563820939	-0.487806528970009	1.50465551221073	-0.324198147025226	0.745788024847527	0.935507377393223
RBM8A	13.3138958098504	-0.488133609388442	0.671212920433603	-0.727241080331273	0.467078284762845	0.935507377393223
MARCH6	1.46953855759536	-0.488745434005011	1.63066843727317	-0.299720913726826	0.764390044739473	0.935507377393223
PPP1R11	2.720560503002	-0.488790795992345	1.14918911367995	-0.425335386642439	0.670592200760182	0.935507377393223
EIF1B	1.44723515550142	-0.489154759794296	1.63892293715753	-0.298461110467258	0.765351253593198	0.935507377393223
DGUOK	2.76372995766618	-0.490127988938506	1.09197561525924	-0.44884517757491	0.653543346032219	0.935507377393223
VPS25	1.39734177136932	-0.492161866180789	1.55709191381952	-0.316077594272213	0.751943612791713	0.935507377393223
UBXN1	6.71113073785608	-0.494987217572675	0.779771409394127	-0.634785030086284	0.525568627967429	0.935507377393223
CGGBP1	2.74356209945937	-0.496299273175291	1.17710345322166	-0.421627573869525	0.673296876549075	0.935507377393223
SLC1A5	1.39825506860583	-0.496679790272934	1.59069324445456	-0.312241088597346	0.754857307748993	0.935507377393223
TMEM189	2.73191193555777	-0.496798821266908	1.0932245708596	-0.454434371957331	0.64951621778862	0.935507377393223
STUB1	9.33941368532244	-0.498928395555284	0.778513772993885	-0.640872920766173	0.521605250751435	0.935507377393223
BCKDK	1.35069641243168	-0.498972253328183	1.54864031461179	-0.322200222104682	0.747301016237621	0.935507377393223
ORMDL2	2.6722597223294	-0.499011727698462	1.19063590188596	-0.419113623995406	0.675133094292142	0.935507377393223
C19orf48	2.70972536315805	-0.501226850567666	1.28647525589514	-0.389612507718935	0.69682310182007	0.935507377393223
MYEOV2	6.67139304514873	-0.502598351157616	0.771556506306107	-0.651408350587113	0.514782921550486	0.935507377393223
ARID4B	1.47613722624946	-0.502967381082237	1.58472126330399	-0.317385393083954	0.750951189352524	0.935507377393223
INSIG1	1.31642053797285	-0.503017487494374	1.68044794954448	-0.299335357355595	0.764684179343948	0.935507377393223
NDUFB4	5.36302463846052	-0.503545004689089	0.861454522506249	-0.584528830638806	0.558864574071269	0.935507377393223
TMEM147	5.4013901251023	-0.503647163472225	1.01235930096971	-0.497498430636035	0.618837609329521	0.935507377393223
ORAI1	1.34934311779229	-0.504016194271661	1.55397148109208	-0.324340697628155	0.74568011130629	0.935507377393223
TSEN34	1.35754705477184	-0.504865339292804	1.51050917609762	-0.33423520179938	0.738202082697176	0.935507377393223
TMEM248	1.38996778142834	-0.50496142543631	1.50773086426051	-0.334914829566732	0.737689335127559	0.935507377393223
YWHAZ	13.5820574326547	-0.506224409942621	0.636289996436478	-0.795587566640549	0.426271795641344	0.935507377393223
SFPQ	1.4661305648788	-0.50679816546668	1.61117605208098	-0.314551699556423	0.753102056917115	0.935507377393223
UTP11L	1.4273324297188	-0.510043658934177	1.56024943120897	-0.326898794982393	0.743744432527238	0.935507377393223
NME4	2.64246056553848	-0.511496563362758	1.29930235850383	-0.3936701569231	0.693824577146786	0.935507377393223
E2F4	1.39485039914896	-0.512129510123449	1.53254526934874	-0.334169254485436	0.738251843084498	0.935507377393223
KDELR2	8.06180160701235	-0.512817571563436	0.746454167910625	-0.687004766814882	0.49207972455692	0.935507377393223
ZYX	2.71873221955165	-0.513020230924872	1.33792119588984	-0.383445775805703	0.701389267964437	0.935507377393223
ANXA11	1.40819983654342	-0.513317186171	1.56150950784573	-0.328731386899576	0.742358728312793	0.935507377393223
ATP5J2	9.41536414867607	-0.515345841132351	0.718428055553902	-0.717324215206245	0.473174069048222	0.935507377393223
CLTA	6.85426345093871	-0.515748629807911	0.777747541354978	-0.663131160671216	0.507246555174628	0.935507377393223
PGD	2.75040937062725	-0.515968125802243	1.1117466487753	-0.464105852147729	0.642571909156527	0.935507377393223
EMD	4.04018624548	-0.51667942687739	0.969114371390975	-0.533145975470157	0.593932535521775	0.935507377393223
DKC1	1.45269480127309	-0.520198112664269	1.66075610203263	-0.313229686181848	0.754106166093199	0.935507377393223
HSPA4	1.5127138370136	-0.521516199518958	1.74762017627948	-0.298415071305264	0.76538638756016	0.935507377393223
CCT8	2.84058730858078	-0.522468112283738	1.25787034370907	-0.415359273630016	0.677878915788366	0.935507377393223
RHOA	4.18179894400637	-0.523143099951888	1.01317928948899	-0.516338130259003	0.605618269279074	0.935507377393223
MINOS1	4.0172486842449	-0.524002129439441	0.942638951307885	-0.555888475340854	0.578287097144642	0.935507377393223
PTGES2	2.74012917659053	-0.525238275087225	1.13446347837079	-0.462983855453438	0.64337593935619	0.935507377393223
ZC3H15	6.95247707204749	-0.525615135796161	0.786763854432521	-0.668072297468824	0.504087444121939	0.935507377393223
IK	1.45897960255472	-0.526522362398621	1.60236913169655	-0.328589930986222	0.742465659747761	0.935507377393223
WDR43	1.52506533828343	-0.527167273724251	1.65967343408029	-0.317633133663058	0.750763237706911	0.935507377393223
DLD	1.41984600007457	-0.527344914710769	1.57608866188934	-0.334590894194121	0.737933714771243	0.935507377393223
NOP10	6.75578335765488	-0.52764248257719	0.814403722933716	-0.647888102324078	0.517057326497093	0.935507377393223
GTF3A	9.54914420095253	-0.530148132442006	0.749196212559115	-0.707622547411337	0.479179687052346	0.935507377393223
DNAJB1	16.3746152626599	-0.530647894297258	0.756169095244208	-0.701758241158855	0.482829945012804	0.935507377393223
RPUSD3	1.41489093350597	-0.530813549330493	1.54298287437907	-0.344017784088565	0.730832911700934	0.935507377393223
CALCOCO2	1.42700950804523	-0.531185204273351	1.54749559756595	-0.343254743411775	0.731406824247373	0.935507377393223
CERS2	1.43235340908504	-0.53198413954877	1.53345323092551	-0.346919050949922	0.728652133872743	0.935507377393223
RNF181	10.8653938558318	-0.532524785586375	0.677552252076461	-0.785953827109824	0.43189453807446	0.935507377393223
MLEC	2.81748893280232	-0.533275023730616	1.13212606601332	-0.47103855280755	0.637613204031271	0.935507377393223
MICA	1.43247868948354	-0.533418753359374	1.54339366376843	-0.345614191558199	0.729632679193411	0.935507377393223
S100A11	45.7581540115809	-0.536629059275738	0.719153229146598	-0.746195716749465	0.455549195179391	0.935507377393223
PFDN4	67.7778312949104	-0.536770046757386	0.433265040809027	-1.23889535549669	0.215384253923588	0.935507377393223
SCAMP2	1.42673221286276	-0.536779268328901	1.56047860689131	-0.34398374060266	0.730858513921527	0.935507377393223
LHX4-AS1	1.42319355204873	-0.537014963163622	1.50542253244002	-0.356720423397155	0.721301114470424	0.935507377393223
SSBP1	5.58841667468899	-0.537174471783385	0.905249548038333	-0.593399326127737	0.552913939769528	0.935507377393223
ITPA	1.45025195801918	-0.537749436402903	1.51924515387032	-0.353958302932855	0.723370132280973	0.935507377393223
GCLM	1.4891447722046	-0.540784277479377	1.73412255616724	-0.31184893798661	0.755155330125749	0.935507377393223
VDAC1	5.61527972645554	-0.541212724220315	0.854674553566961	-0.63323837355585	0.526577990214305	0.935507377393223
TLE1	1.44497273165636	-0.541380247185589	1.59504732348608	-0.339413282110256	0.734298414153764	0.935507377393223
SWI5	4.17817189185649	-0.54189560074388	1.05327796326635	-0.514484893487556	0.606913019433355	0.935507377393223
B3GAT3	1.39011147699991	-0.542115081151417	1.59594960987969	-0.339681828170178	0.734096147920077	0.935507377393223
TMEM205	4.15754586201074	-0.542268257854314	1.06418039457186	-0.509564224844112	0.610356792709301	0.935507377393223
CARHSP1	1.42105568779256	-0.543433067997803	1.61523795787056	-0.336441491700849	0.736537965299949	0.935507377393223
BASP1	10.8790329232415	-0.543934909355651	1.14695847320514	-0.474241153505447	0.63532794975708	0.935507377393223
HAX1	4.15591576197423	-0.54461385628864	0.930406471096389	-0.585350460478707	0.558312091763032	0.935507377393223
ITGB1	2.89491134228476	-0.547501112313091	1.26531000446327	-0.432701164443361	0.665231883763436	0.935507377393223
KLF6	5.57310538272672	-0.551047484103625	1.35705760521829	-0.406060495873341	0.684698150922041	0.935507377393223
CCNC	4.34845078000991	-0.552907932938185	1.01782942792831	-0.543222585009722	0.586976558221733	0.935507377393223
RIT1	1.51940283669756	-0.554305783371776	1.73436236577057	-0.319602059126496	0.749270013230613	0.935507377393223
RPAIN	1.44091183378265	-0.554777089757621	1.55553926011982	-0.356646150939891	0.721356723041764	0.935507377393223
TSR3	2.81453867277889	-0.555905465539424	1.10621348306746	-0.502530003519696	0.615294752614544	0.935507377393223
YWHAQ	8.48022601730771	-0.556062907817333	0.788929277824545	-0.704832389223358	0.480914549550872	0.935507377393223
SRPK2	2.84203104713296	-0.5573890927314	1.0817076987271	-0.515286239884681	0.60635301294852	0.935507377393223
EXOC7	1.5118320287371	-0.559969638508676	1.62661701827676	-0.344254137401014	0.730655171731254	0.935507377393223
PPM1D	1.50876225027861	-0.560094705659566	1.59744801897189	-0.350618423264902	0.725874633182175	0.935507377393223
CPNE3	4.34039468992786	-0.56331263523384	1.01055575338007	-0.557428556860613	0.577234658934328	0.935507377393223
NPM3	1.39375636717861	-0.563585818057629	1.52172937941549	-0.370358767913193	0.711115191380029	0.935507377393223
NDUFB2	15.1843503033149	-0.564226464175135	0.647708058136019	-0.871112312233496	0.38369283211103	0.935507377393223
ATP5L	24.7479983823039	-0.56554754889545	0.527236540344163	-1.07266379626548	0.283421989645738	0.935507377393223
S100A13	2.73664440398865	-0.565917237548242	1.15515560464633	-0.489905632861909	0.624200676900226	0.935507377393223
CCDC59	4.33576877163851	-0.566413132465678	0.987776047640585	-0.573422623294642	0.566358575992111	0.935507377393223
CDC42SE1	4.49509630597498	-0.566417450204574	1.13841016160254	-0.497551295051011	0.618800339893525	0.935507377393223
GTPBP4	4.37986613635107	-0.566967062546266	1.06888590284733	-0.530428047592325	0.595815183893954	0.935507377393223
TPGS2	1.42176410981327	-0.567693356174803	1.5536685420811	-0.36538897506053	0.714821069812918	0.935507377393223
GLG1	1.48818840784158	-0.568679451983702	1.53631678505471	-0.370157676799352	0.711265009373175	0.935507377393223
RBM17	5.80556610466532	-0.56880611745676	0.887005589928367	-0.641265538701617	0.521350174958173	0.935507377393223
PRRC2C	4.49379587842196	-0.569246304643303	1.05349407433244	-0.540341249668647	0.588961716060601	0.935507377393223
UBE2G1	1.47095822100441	-0.571708336560217	1.50929837653905	-0.378790798060217	0.704843221168339	0.935507377393223
SQRDL	1.44047359950162	-0.572307165569578	1.5772912445237	-0.362841781793063	0.716723078405949	0.935507377393223
HMGN1	19.7752056544363	-0.572679908331914	0.637819236521101	-0.89787180370338	0.36925389845967	0.935507377393223
TOR3A	1.46916825073644	-0.573031445304505	1.55606539527693	-0.368256660063137	0.712681865494549	0.935507377393223
MZT2B	12.6327637583142	-0.575584919579025	0.689411029631402	-0.834893691629455	0.403777566948892	0.935507377393223
SQSTM1	18.3656253201208	-0.576255409427858	0.848718982065929	-0.678970803769644	0.497156361337192	0.935507377393223
CHTOP	1.50653860862264	-0.577821532631345	1.63615523851429	-0.3531581350166	0.723969891646834	0.935507377393223
DUSP4	1.44971535852125	-0.581342390173989	1.77281366890398	-0.327920751272974	0.742971583261853	0.935507377393223
CAMK2G	1.49399691244581	-0.582356369922806	1.54064701530255	-0.377994676352547	0.705434548761024	0.935507377393223
PPA1	4.27454684493156	-0.582479333092308	1.02187328881324	-0.570011311058709	0.568670026407347	0.935507377393223
SLC25A1	1.40641282483885	-0.582680525934665	1.56490405329165	-0.372342652387565	0.709637745840798	0.935507377393223
RNF130	1.4891983176631	-0.585190685488231	1.53117100437129	-0.382185062163265	0.702324101045877	0.935507377393223
DEK	1.51125671239592	-0.586291831625099	1.6530503379743	-0.354672703036713	0.72283480298402	0.935507377393223
CREM	1.48010771262016	-0.587209809540452	1.66098268474716	-0.353531565941543	0.723689968413714	0.935507377393223
ABT1	1.49419829806172	-0.588063430327844	1.54624472453191	-0.380317178127069	0.70370998555918	0.935507377393223
FEZ2	1.46550918836147	-0.588916862049308	1.54787071578386	-0.380469024992875	0.70359728529762	0.935507377393223
MKNK2	1.42024363879145	-0.589516560499042	1.57406172584027	-0.374519341155027	0.708017969739094	0.935507377393223
MAF1	4.28607621377064	-0.591999709301138	0.94004101809617	-0.629759444433704	0.528851983473544	0.935507377393223
RAB18	2.97792767028791	-0.594753134802875	1.18002283692279	-0.504018325911255	0.614248499091691	0.935507377393223
TMEM165	1.54542837385851	-0.595369228976966	1.63417198209994	-0.364324707251379	0.715615552097162	0.935507377393223
GPATCH2L	1.53783266456639	-0.596417414696302	1.54795242528514	-0.38529440889402	0.700019303451056	0.935507377393223
CELF1	1.53715857309843	-0.597152944719242	1.55473653756053	-0.384086261750952	0.700914513557695	0.935507377393223
UPP1	1.49696254235182	-0.5983593941787	1.73468545183562	-0.344938267364568	0.730140780943733	0.935507377393223
PSMD7	5.94594317843528	-0.600688057288198	1.06247819392981	-0.565365068873953	0.5718254787463	0.935507377393223
DRAP1	8.61616948118334	-0.601072735369725	0.710070271772265	-0.846497535898111	0.397275247897627	0.935507377393223
SF3B2	4.49270232890681	-0.603527102401449	1.02966840163741	-0.586137344257338	0.557783222515656	0.935507377393223
FNBP4	1.56525590830565	-0.605429786430173	1.57452765818764	-0.384515180334815	0.700596646817666	0.935507377393223
GYG1	1.4782890810423	-0.606580843591204	1.5217290768273	-0.398612902144108	0.690178453374692	0.935507377393223
IGFBP2	1.48349352154339	-0.606814083960446	1.90285159015349	-0.3188972209396	0.749804451759328	0.935507377393223
DDX1	1.52852727281338	-0.606971605403279	1.58611764612596	-0.382677544055945	0.701958866593837	0.935507377393223
CENPT	1.48378249997369	-0.607316027067899	1.5764223891987	-0.38524955698999	0.700052530272938	0.935507377393223
HDHD3	2.87598358624893	-0.607427192580787	1.13282929535535	-0.536203640805604	0.591817817551065	0.935507377393223
TAX1BP1	5.97192731084562	-0.608942852790833	0.922914314566797	-0.659804321137507	0.509379409979217	0.935507377393223
NDUFB10	10.0474284851935	-0.610581541611676	0.698924274059531	-0.873601853982352	0.382335116211287	0.935507377393223
PPIE	1.52528546286992	-0.612088541398501	1.56531113949493	-0.39103314731153	0.69577273462906	0.935507377393223
ASF1A	1.48926830198469	-0.612525225462776	1.61707119195527	-0.378786802034451	0.704846188812655	0.935507377393223
FXR1	2.99741184046914	-0.612607266195989	1.11414344579311	-0.549845954315069	0.582425036094426	0.935507377393223
ACTN1	1.50916093435469	-0.613526350439313	1.76871793027106	-0.346876310766686	0.728684244247655	0.935507377393223
MEST	1.47266818510128	-0.614585651539886	1.55721619087698	-0.394669446118313	0.693086854514128	0.935507377393223
HSPA13	0.170300735788216	-0.615834257050641	3.49631510902671	-0.176138087628513	0.860185459068446	0.93598176241059
EPT1	0.174726905492481	-0.617729961418073	3.51584152913574	-0.175699034299172	0.860530394020458	0.935982063924084
ABCD3	0.160830883209493	-0.61819461721703	3.52678350630937	-0.175285672089338	0.86085516949221	0.935982063924084
CKS1B	1.46295418311858	-0.61925276296916	1.88891255688982	-0.327835590223821	0.743035975993195	0.935507377393223
NFS1	0.165267634930115	-0.620316830749402	3.49033577335454	-0.177724113389016	0.858939646971246	0.935690336437008
MTHFD2	2.99503266483073	-0.620586003502464	1.19239160947707	-0.520454856080902	0.602746584717287	0.935507377393223
CCDC149	0.169407526799518	-0.620741190641168	3.44538843418022	-0.180165807861622	0.857022400529588	0.935507377393223
MRPL50	1.55971096628276	-0.621197085920201	1.61963622877638	-0.383541115519199	0.701318590874072	0.935507377393223
MKS1	0.166264458275645	-0.623005244217984	3.34365666513799	-0.186324526292915	0.85219027502745	0.935507377393223
RAP1GAP	0.166255952702371	-0.624617503087428	3.41365292987658	-0.18297627670954	0.854816632796403	0.935507377393223
SGSH	0.165463999504599	-0.625070667357754	3.53018845688924	-0.177064390468422	0.859457812217227	0.93595473496126
WSB1	1.63286670579612	-0.625794591427275	1.66107854532565	-0.376739915874712	0.706366896198347	0.935507377393223
C12orf75	1.49485337955127	-0.626600272669094	1.64003711715269	-0.382064689948573	0.702413381953772	0.935507377393223
TCP1	5.94832291297096	-0.627014735389082	0.947996625325822	-0.661410303199739	0.508349220214786	0.935507377393223
KLHL28	0.169163312761644	-0.627613420970189	3.52633367726375	-0.177979022523241	0.858739450307947	0.935690336437008
MRPS16	4.36229347714557	-0.628067343868941	0.903756000049213	-0.694952336509789	0.487085172269948	0.935507377393223
MT-RNR1	49.289457873874	-0.628543523308348	0.749061911628845	-0.839107573820662	0.401408946362382	0.935507377393223
DNAJC13	0.175060488378951	-0.629448834231789	3.38439594703158	-0.185985577362445	0.852456071596857	0.935507377393223
COA4	2.94865742274691	-0.629507301846716	1.1891091767191	-0.529394032248246	0.596532137157183	0.935507377393223
NAB2	0.169513967595801	-0.629535779938331	3.54330671424676	-0.177669005453895	0.858982927996906	0.935690336437008
ZNF398	0.166846138450959	-0.630863499173613	3.43375175314586	-0.183724259797069	0.854229776293299	0.935507377393223
NBR1	0.173600054971491	-0.630987972900164	3.50755401114046	-0.179894014716826	0.857235774112501	0.935507377393223
VPS41	0.164211514888816	-0.631025215713038	3.43213221677875	-0.18385807301599	0.854124796909182	0.935507377393223
ZCCHC3	0.174972926909128	-0.631050629360101	3.47373692858802	-0.181663333272795	0.855846942909149	0.935507377393223
PHLDB3	0.172936207542183	-0.631407146370716	3.5033293525406	-0.180230598619802	0.856971537520444	0.935507377393223
PLXNA1	0.186236653795316	-0.631538578008153	3.55719727534189	-0.177538249673672	0.859085623510621	0.935690336437008
ETS2	1.51474907027763	-0.633057557161063	1.68332964047643	-0.376074621356925	0.706861420968982	0.935507377393223
SPAG9	1.60452206198091	-0.633224097050953	1.6423904449796	-0.385550280681776	0.699829761582371	0.935507377393223
FAM118B	0.182314101510322	-0.633404076482428	3.40285456905956	-0.186139038159801	0.852335728813599	0.935507377393223
CDADC1	0.176522789270279	-0.633568133523693	3.49283178929378	-0.181390966340178	0.856060709081584	0.935507377393223
ST3GAL2	0.170003744363387	-0.633843877446075	3.45638364327914	-0.183383542703244	0.85449708792064	0.935507377393223
PABPC1	30.6999428646426	-0.633915035604697	0.482229667041262	-1.31455005556607	0.188661164873861	0.935507377393223
MBNL2	0.171741773390741	-0.634011840371163	3.54685160960348	-0.178753415748916	0.858131324879678	0.935690336437008
ZNF493	0.172905336636189	-0.634059826077946	3.48313881773737	-0.18203690959691	0.855553760128146	0.935507377393223
MET	0.17390605810565	-0.634486914030271	3.55598998087754	-0.178427643902892	0.858387140929786	0.935690336437008
MED31	1.52406556249423	-0.634674102602427	1.54970547727676	-0.40954498251998	0.682139762805493	0.935507377393223
MRPS15	8.74128409803073	-0.635526511854371	0.683551418889787	-0.929742071030418	0.352504646092695	0.935507377393223
GNB1	4.4142745442023	-0.635652977511833	0.913790135821342	-0.695622498639131	0.486665272513203	0.935507377393223
AGPAT9	0.172205544192901	-0.635728430003026	3.42255170708092	-0.185746917625165	0.852643233560591	0.935507377393223
DHX37	0.178667166000548	-0.635770863182752	3.59421657009836	-0.176887188287976	0.859597002198845	0.935965355051927
MKL1	0.173804260120161	-0.6358862018711	3.45279392092685	-0.184165697818538	0.853883468349449	0.935507377393223
IRF5	0.167803380156013	-0.636587535111802	3.47901885299803	-0.182979041508564	0.85481446342775	0.935507377393223
GTF2A1	0.181863994898909	-0.637125036278105	3.49332046487683	-0.182383792922522	0.855281543868552	0.935507377393223
HLA-B	3.00552523723338	-0.637548893676349	1.23139580702355	-0.517744895702862	0.604636269620649	0.935507377393223
FAM178A	0.182926276277719	-0.638027929000044	3.49681708227792	-0.182459623705686	0.855222038048258	0.935507377393223
ANXA6	0.18152090456042	-0.638086376252522	3.61351929375319	-0.176583082690496	0.859835883311311	0.93598176241059
HAGLR	0.157079219210928	-0.638429869963341	3.44789907232294	-0.185164895077168	0.853099702600137	0.935507377393223
ARHGAP8	0.173035484133142	-0.638532498360181	3.42224625293891	-0.186582861420867	0.851987705364438	0.935507377393223
PTGES3	10.5658546813421	-0.638775906346594	0.882227201055695	-0.724049208165673	0.469035525392146	0.935507377393223
FBXO30	0.17748431654447	-0.639070583065031	3.38862302461632	-0.188593000290255	0.850411819326371	0.935507377393223
KLHL8	0.161476407664156	-0.639863224163458	3.4722070627503	-0.184281413118441	0.853792694399393	0.935507377393223
RNF111	0.17757007186601	-0.640182386363427	3.38658643786685	-0.18903471035178	0.85006561227828	0.935507377393223
RP11-872J21.3	0.161855665729426	-0.640394766654515	3.44052326396874	-0.186132956391	0.852340498024766	0.935507377393223
BMPR2	0.172842788749381	-0.640467797258254	3.59210711903564	-0.178298635323046	0.858488450497337	0.935690336437008
COG5	0.164806480720711	-0.640676868107252	3.53503936929306	-0.18123613379598	0.856182233536501	0.935507377393223
RB1	0.183051746191754	-0.641017320639621	3.34868350389988	-0.191423680348737	0.848193668856454	0.935507377393223
PDPR	0.167881026109391	-0.641112397402203	3.46444661370487	-0.185054777541109	0.85318607119515	0.935507377393223
TMEM110	0.167917653196883	-0.641131474095983	3.37071113190118	-0.190206591133891	0.849147246429041	0.935507377393223
RP11-631M6.2	0.183478962577662	-0.641606204322763	3.4111890451795	-0.188088726782658	0.850807098107661	0.935507377393223
COG7	0.169549585090546	-0.641661476651768	3.37455953523146	-0.190146734693112	0.849194149075765	0.935507377393223
CCBL2	0.174505552990649	-0.641689340450803	3.50575367156445	-0.183038912760932	0.854767486387962	0.935507377393223
AMMECR1L	0.183477367580062	-0.642199057362642	3.4049956787814	-0.188604955173534	0.850402448852224	0.935507377393223
PLP2	1.53024940089741	-0.64255591426333	1.78670358773392	-0.359632072535482	0.71912229574254	0.935507377393223
ARFIP1	0.175080400662944	-0.64258628877503	3.50831685834479	-0.183160847415076	0.854671813864776	0.935507377393223
VPS13C	0.176194826624223	-0.642797387466414	3.44163399732227	-0.186770989584173	0.85184019359595	0.935507377393223
AB019441.29	0.154960569886622	-0.642871245367798	3.49696376027464	-0.183836976714139	0.854141347245923	0.935507377393223
RALY-AS1	0.15365059971837	-0.643097269105226	3.51089604985855	-0.183171834190629	0.854663193511905	0.935507377393223
SERGEF	0.179852295220503	-0.643196315789788	3.45417392962337	-0.186208433302581	0.85228131080206	0.935507377393223
SDE2	0.17614167497216	-0.643655478620027	3.42532810970912	-0.187910605350647	0.850946728968052	0.935507377393223
CCDC142	0.182054684172998	-0.643812116844099	3.43206716634198	-0.18758727193859	0.851200204636881	0.935507377393223
HSD17B7	0.181424932254932	-0.643845965799583	3.34156019577329	-0.192678248506185	0.847210959415555	0.935507377393223
RPS3AP6	0.163245108905899	-0.643901385545413	3.52454053514821	-0.182690872504985	0.855040577916698	0.935507377393223
HSBP1	19.0501559524159	-0.643904940435044	0.557931257599181	-1.15409368388108	0.24846176257935	0.935507377393223
C4orf27	0.183308063849075	-0.644181429066747	3.4685711550009	-0.185719537031259	0.852664706526456	0.935507377393223
RPS7P10	0.163228301847916	-0.644245228838519	3.50990578398006	-0.183550576137681	0.854366038754889	0.935507377393223
CCDC120	0.163936993904742	-0.644388259957145	3.48538416977367	-0.184882993830488	0.853320809995352	0.935507377393223
AGO2	1.53062296616639	-0.644428813125847	1.52209733936732	-0.423382129682793	0.672016480947226	0.935507377393223
CUTC	0.173123396400214	-0.644720048587148	3.49181760188505	-0.184637378607376	0.853513466080945	0.935507377393223
SREK1IP1	1.51946323950784	-0.644857415518207	1.53731666931855	-0.419469474564439	0.674873059136943	0.935507377393223
KBTBD7	0.177748364903725	-0.645111072255188	3.46023604563406	-0.186435567905593	0.85210320219649	0.935507377393223
ITGA3	0.173600419577569	-0.645454755391257	3.49345757573936	-0.184761011518697	0.853416489595326	0.935507377393223
BIRC2	0.180389866326074	-0.645456411077432	3.42952760577953	-0.188205632166276	0.850715457555138	0.935507377393223
MTCH1	10.4256334631079	-0.645786596976086	0.78009938691565	-0.827826053715271	0.407769017493569	0.935507377393223
ANKRD28	0.173815506024925	-0.645906848336148	3.41728472832276	-0.189011715348977	0.850083634772971	0.935507377393223
C4orf36	0.178093910228526	-0.646072721030499	3.52694116044759	-0.183182165973109	0.854655087090103	0.935507377393223
RAB2B	0.184420165064866	-0.646281116217819	3.41074599809625	-0.189483801074178	0.849713649992219	0.935507377393223
CCDC101	0.184403255197223	-0.646591383632735	3.50650243503423	-0.184397813950591	0.853701384630047	0.935507377393223
ACAD9	0.184157417116054	-0.646749378944538	3.34697688667266	-0.193233894598983	0.846775794889657	0.935507377393223
LAMTOR1	7.58659593771387	-0.646889491382179	0.777225551062229	-0.832306002418576	0.405236243409359	0.935507377393223
ZNF200	0.178835393753797	-0.647445122403054	3.34835819525581	-0.193361965670339	0.846675500279471	0.935507377393223
CAAP1	0.180480771094726	-0.647814327729947	3.52768616429309	-0.183637176766761	0.854298096213319	0.935507377393223
ZNF680	0.188920807126301	-0.647896626096451	3.49059257296679	-0.185612216995517	0.852748872278783	0.935507377393223
RALGAPA2	0.176192931064459	-0.648061087231391	3.48009089648519	-0.186219586357907	0.852272564908356	0.935507377393223
SLC35F2	0.187146409470276	-0.648186321522551	3.47488699559498	-0.186534503810984	0.85202562352536	0.935507377393223
NUP210	0.190317634811277	-0.648220612542511	3.48038816995555	-0.186249516113827	0.85224909497524	0.935507377393223
LIN7C	0.197536061129504	-0.648511526890717	3.43619032241302	-0.188729804243005	0.850304590943048	0.935507377393223
LINC01278	0.177572580617878	-0.648591186659584	3.55334535614284	-0.182529735123644	0.855167021052299	0.935507377393223
GOLGA1	0.184383569007644	-0.648608177510088	3.45901967217933	-0.187512138981689	0.851259106958364	0.935507377393223
RALGAPB	0.188909894871018	-0.648997699841908	3.57666092311992	-0.181453515944639	0.856011616322763	0.935507377393223
EHMT2	0.17952219101524	-0.649150218882136	3.51497662622397	-0.184681233450903	0.853479066503282	0.935507377393223
PIK3CA	0.17276902902484	-0.649547670872205	3.279418202765	-0.198067959226593	0.842991893012274	0.935507377393223
BAG4	0.185124840328032	-0.649652970283576	3.44933358020633	-0.188341589810724	0.850608884728499	0.935507377393223
ZBTB1	0.194349657775773	-0.649913128142377	3.34771877859817	-0.194136118092489	0.846069301434204	0.935507377393223
PCNX	0.17649614910756	-0.649928597145933	3.31175773488128	-0.196248834961725	0.84441540636827	0.935507377393223
RAB9B	0.170774963929163	-0.650138697359345	3.50226290220705	-0.185633893146526	0.852731872619318	0.935507377393223
SPOPL	0.174021770106275	-0.650409965345055	3.38607792032618	-0.192083578892479	0.847676737545818	0.935507377393223
COQ2	0.175837903754408	-0.650671632411279	3.40943461758861	-0.190844437683184	0.848647472236615	0.935507377393223
NUP98	0.1772684254882	-0.650811500401416	3.24625489956916	-0.200480714095431	0.841104639738777	0.935507377393223
INTS2	0.190985148165755	-0.651623692021582	3.43236166498501	-0.189847037003436	0.849428995902603	0.935507377393223
MAD1L1	0.190643389245106	-0.65166885990699	3.52534536723488	-0.184852487351652	0.853344738243418	0.935507377393223
DGCR8	0.188271996117696	-0.651941156920766	3.43864402654997	-0.189592511433894	0.849628455789722	0.935507377393223
MIR4458HG	0.168307904867646	-0.652123540336417	3.32618058404932	-0.196057767718227	0.844564951168251	0.935507377393223
LINC00667	0.175206739222732	-0.652758476737741	3.46446899224155	-0.188415159206086	0.850551217182369	0.935507377393223
DNAAF5	0.188457606203251	-0.653067151718919	3.36042683342478	-0.194340535917381	0.845909247564808	0.935507377393223
ITGB3BP	0.180829875040778	-0.653464547959691	3.38737100187351	-0.19291200981477	0.847027879233493	0.935507377393223
FARS2	0.176751958374303	-0.653467615034368	3.29487087304907	-0.198328747988127	0.842787860758559	0.935507377393223
FAM172A	0.18163417947471	-0.653552828032736	3.46169743874887	-0.188795479557839	0.850253114920942	0.935507377393223
C5orf28	0.180531832479916	-0.653593041943055	3.35986439801552	-0.194529589446852	0.845761229200564	0.935507377393223
SUPT4H1	7.53510760692303	-0.653645441342362	0.813219499580684	-0.803774923842084	0.421526974424093	0.935507377393223
SUV420H2	0.17593705540767	-0.653669335256141	3.42802410293568	-0.190683996269558	0.848773177753619	0.935507377393223
QSER1	0.184830097099188	-0.653932173011977	3.36177476523502	-0.194519924349025	0.845768796300854	0.935507377393223
ACVR1	0.192807291134815	-0.654624265769835	3.31526145322471	-0.197457809891009	0.843469294243456	0.935507377393223
MAGOH	1.55389110952745	-0.65519874621915	1.60108041673147	-0.409222884354994	0.682376101849347	0.935507377393223
STX5	1.55469728995645	-0.655503385227637	1.5446530579169	-0.424369331266944	0.67129648358067	0.935507377393223
ATF7IP2	0.174847070064659	-0.65639621389853	3.50884042858743	-0.187069268967235	0.851606322603089	0.935507377393223
TBC1D24	0.198746607576045	-0.656511998808143	3.68516597353964	-0.178149913334177	0.858605243763621	0.935690336437008
USP13	0.196753728946129	-0.656923255205885	3.41607338518721	-0.192303613281389	0.847504388233385	0.935507377393223
MTM1	0.168105030723911	-0.657062915852362	3.4538645362872	-0.190239920804388	0.849121130009703	0.935507377393223
UEVLD	0.182377783440112	-0.657147519163906	3.44111890657436	-0.190969140272487	0.848549770673073	0.935507377393223
SPEN	0.208357439476171	-0.657305748583307	3.30296416813151	-0.199004807537814	0.842258983939678	0.935507377393223
TP53I3	0.171768806284731	-0.658621151709757	3.33968152908924	-0.197210765749083	0.84366260620543	0.935507377393223
MTMR6	0.190183852609155	-0.658671566637023	3.31030683274832	-0.198975986189828	0.84228152923521	0.935507377393223
RPS11P5	0.180541580799536	-0.659024287092611	3.17494149561615	-0.207570529410564	0.835564317280438	0.935507377393223
ZNF219	0.168259806747789	-0.659164993582792	3.50916547816861	-0.187840954689547	0.851001329967348	0.935507377393223
SLC30A6	0.174627892579996	-0.659437542614152	3.39394409356736	-0.194298292615957	0.845942322456155	0.935507377393223
CASP2	0.195352655110917	-0.659555900556541	3.42163903135369	-0.192760222370857	0.847146757132724	0.935507377393223
TMEM99	0.180731371903239	-0.659625577139018	3.5285691053775	-0.186938545750388	0.851708816746089	0.935507377393223
RASSF3	0.202763338724211	-0.659738672542213	3.51249801620041	-0.187826062676578	0.851013004303728	0.935507377393223
ILVBL	0.188271343314398	-0.659900803152113	3.2875643008411	-0.200726356282456	0.8409125497971	0.935507377393223
RPL7AP6	0.165827599194261	-0.660047752038592	3.31009511404813	-0.199404467030972	0.841946366465884	0.935507377393223
KIAA1147	0.179357136182041	-0.660082304608803	3.24089451751808	-0.203672875201845	0.838609140325301	0.935507377393223
PPARD	0.165500678959318	-0.660145963281373	3.32786599509244	-0.198369154363451	0.842756249129166	0.935507377393223
ENAH	1.58646657767333	-0.660520432903495	1.59007708536745	-0.415401516682355	0.677847996564886	0.935507377393223
LINC00674	0.163645135937273	-0.660634189897409	3.42036877870031	-0.193147064729213	0.846843794233148	0.935507377393223
NDUFA5	3.11497950140826	-0.660829691652755	1.12800536068862	-0.585839141091792	0.557983617943226	0.935507377393223
TMCC1	0.19043817406112	-0.661331897572779	3.50147162225431	-0.188872556718595	0.850192702996393	0.935507377393223
DDX51	0.186220044080413	-0.661339430914435	3.31319824666458	-0.199607563954318	0.841787511655852	0.935507377393223
HSPA4L	0.204228755245129	-0.66140154722739	3.55413545398658	-0.186093511569885	0.852371430058609	0.935507377393223
PINX1	0.188689492348692	-0.661421073545641	3.372880482904	-0.1960997660303	0.844532079385105	0.935507377393223
FHOD1	0.184930190091073	-0.66164291709112	3.36451013442103	-0.196653566390572	0.844098649085168	0.935507377393223
RNF32	0.16782632531129	-0.662929367559384	3.32479007240438	-0.199389842102113	0.841957805786111	0.935507377393223
RELB	0.189065110046461	-0.663094054635582	3.41436373753139	-0.194207209778711	0.846013637762042	0.935507377393223
RPS28	27.5870201748566	-0.663295965341676	0.472373158506467	-1.40417793305373	0.160265871228652	0.935507377393223
C12orf66	0.187544661731582	-0.663369058259388	3.2727534431826	-0.202694480282723	0.839373837722976	0.935507377393223
SMCR8	0.178722078423167	-0.663471457453013	3.29360266636797	-0.201442470346509	0.840352609246852	0.935507377393223
TARS2	0.192102402452913	-0.664095475039162	3.47080890332472	-0.191337377982124	0.848261278620718	0.935507377393223
SHPRH	0.202946780668977	-0.66431749802427	3.27107817189124	-0.203088236696031	0.839066065902052	0.935507377393223
C2CD2	0.16811643668337	-0.664853219092195	3.4347166807057	-0.193568576653488	0.846513704979347	0.935507377393223
AC093642.5	0.183389594202874	-0.66573685070729	3.30405217551975	-0.201491022339126	0.840314648621074	0.935507377393223
ENTHD2	0.177969738575457	-0.665838726678879	3.29747196498147	-0.20192399927883	0.839976139800631	0.935507377393223
KRBOX4	0.190964681768464	-0.665931078829304	3.21116087070066	-0.207380167373552	0.83571297007559	0.935507377393223
CSRNP1	0.18106307653375	-0.666062896345042	3.3544117443086	-0.198563249569808	0.842604403710291	0.935507377393223
TEAD3	0.188911552061249	-0.66628280256512	3.21626149055147	-0.207160644282962	0.835884401882154	0.935507377393223
SERPINB8	0.184793298485051	-0.666501609085867	3.36451007992624	-0.19809767046395	0.842968647418871	0.935507377393223
SP2	0.179791079427632	-0.666699247698421	3.28710481084723	-0.202822631483595	0.839273668202621	0.935507377393223
UBR1	0.184906383909105	-0.666847292781301	3.41073606611825	-0.195514188097304	0.844990431512903	0.935507377393223
SNHG6	13.5089110401479	-0.667574008776088	0.701276842489739	-0.951940757669973	0.341127027629285	0.935507377393223
TMEM120B	0.179361771335751	-0.668156542428758	3.47126908542981	-0.192481921160551	0.847364727957613	0.935507377393223
TBC1D22B	0.178969811613966	-0.668619838197133	3.46274002801008	-0.193089816962484	0.846888627476964	0.935507377393223
SBF1	0.178675300369947	-0.668770142593596	3.33906466280286	-0.200286670109653	0.841256387047978	0.935507377393223
PYROXD1	0.193022722262429	-0.669081183830577	3.37025038275763	-0.198525660661187	0.842633809974511	0.935507377393223
MAST4	0.176372998278669	-0.669209751517345	3.42635985588707	-0.195312162079978	0.845148576456804	0.935507377393223
SF3B6	12.1993726663262	-0.669265535698283	0.733261980278414	-0.912723629069339	0.361387913284755	0.935507377393223
RAC1P2	0.168232900123466	-0.669448950596131	3.15331594918907	-0.212299991939689	0.831873001718211	0.935507377393223
OGT	0.186142497661047	-0.669681401740516	3.34549487244137	-0.20017409300401	0.841344427898247	0.935507377393223
ZNF142	0.17184257796998	-0.669888575440736	3.3904420343373	-0.19758148602935	0.843372521246099	0.935507377393223
ZNF92	0.191101787412885	-0.669950722275039	3.39294269046082	-0.197454181633716	0.843472133285426	0.935507377393223
PP7080	0.173359686627165	-0.669993914499608	3.20726393207561	-0.208898902207283	0.834527161167607	0.935507377393223
ANKFY1	0.187306931374913	-0.670246680378811	3.27777291620825	-0.204482341367979	0.837976590013158	0.935507377393223
WDTC1	0.185598842694486	-0.670448214454603	3.17356394660846	-0.211260345067601	0.832684124609223	0.935507377393223
METTL18	0.181860440091193	-0.67073700549015	3.37978845657805	-0.198455321718346	0.842688837581649	0.935507377393223
ABHD13	0.179706404379113	-0.670770290530778	3.30960556578014	-0.202673786104981	0.839390013592733	0.935507377393223
ATG7	0.180473242810118	-0.670785590313859	3.26985862161081	-0.205142077360951	0.837461122462698	0.935507377393223
ADAM10	0.182444421214641	-0.670904367759144	3.3485310384056	-0.200357816625942	0.841200747986064	0.935507377393223
WDR53	0.177080228183264	-0.670978102868519	3.31274390142098	-0.202544513803408	0.839491062482557	0.935507377393223
CBX2	0.183074311557962	-0.671127162934927	3.27060112741225	-0.205199942392833	0.837415914450243	0.935507377393223
HIVEP2	0.172353907870582	-0.671136219806636	3.29425027377107	-0.20372957851753	0.838564826609583	0.935507377393223
ING3	0.195336453454925	-0.671481700379395	3.39885977799698	-0.197560871656527	0.843388651231779	0.935507377393223
C10orf76	0.170284668387778	-0.671483714693249	3.32285758308865	-0.202080196909641	0.839854029066217	0.935507377393223
TMEM56	0.177498515753947	-0.671648638013354	3.4329032640945	-0.195650324621226	0.844883868053387	0.935507377393223
BOLA2B	0.164988477083019	-0.671762658229103	3.32497691503051	-0.202035284874433	0.839889139585685	0.935507377393223
RPL7P9	0.170639159731198	-0.671874512386378	3.41080239992501	-0.196984296833247	0.843839826334241	0.935507377393223
AC007405.6	0.187177771571673	-0.671916213107487	3.30273558652589	-0.20344232697546	0.838789319336328	0.935507377393223
C16orf91	1.53970724965697	-0.672319672175356	1.51032289422443	-0.445149626445012	0.656211627318596	0.935507377393223
SP3	0.195765429640343	-0.672346388546968	3.16080492791277	-0.212713661197355	0.831550310519464	0.935507377393223
ZNF500	0.191104509704617	-0.672369826238306	3.32288797491056	-0.202345017742105	0.839647008701503	0.935507377393223
RPS6KC1	0.181558070394192	-0.672483907667403	3.21731600377104	-0.209020160555935	0.834432500366617	0.935507377393223
PPM1N	0.169551503183751	-0.672656662265275	3.39324611240931	-0.198233974189296	0.84286200733415	0.935507377393223
RPRD1B	0.182039793958289	-0.672856715165743	3.39367299734416	-0.198267987426105	0.842835396812499	0.935507377393223
SCRIB	0.180075973328686	-0.672934507485216	3.25707902362516	-0.206606748747605	0.836316989247947	0.935507377393223
MOCOS	0.180711027251871	-0.673205152510738	3.28036651203537	-0.205222541457124	0.837398258703537	0.935507377393223
PDDC1	0.1907473964408	-0.673311880247464	3.36517250962745	-0.200082426182069	0.841416117340638	0.935507377393223
TRAPPC8	0.186481574406101	-0.673493454829787	3.3112326942459	-0.203396594869382	0.838825061087282	0.935507377393223
SLC39A11	0.176366838446756	-0.673517442789487	3.23016780544489	-0.208508499668092	0.834831946707833	0.935507377393223
TUBE1	0.180415947345457	-0.673988388878299	3.29520417160179	-0.204536154295615	0.837934542074671	0.935507377393223
DLGAP1-AS2	0.186120486237051	-0.674450061917983	3.41275017103399	-0.197626555744524	0.843337256086732	0.935507377393223
SEC63	1.57084270084814	-0.67462301818334	1.55729740963966	-0.433201143216079	0.664868648428052	0.935507377393223
VAC14	0.192140223668511	-0.674651640840232	3.32218051801221	-0.20307494947442	0.839076451191959	0.935507377393223
CREBRF	0.198105320410829	-0.674812462438831	3.44969408905879	-0.195615160364247	0.84491139327413	0.935507377393223
PUM2	0.185569885753993	-0.674951908324404	3.2737325580454	-0.206171975369725	0.836656577982221	0.935507377393223
LOH12CR1	0.177363676701708	-0.675054786885017	3.32692464494752	-0.202906545511993	0.839208078124934	0.935507377393223
PML	0.183534468382653	-0.675457857913962	3.18801100659323	-0.211874380771278	0.832205038028769	0.935507377393223
RNF185	0.187665369200237	-0.675550260324522	3.2731278384451	-0.206392873626788	0.836484037024163	0.935507377393223
KCTD11	0.188395340342516	-0.67628988090693	3.28637220669503	-0.20578614909449	0.836957961065773	0.935507377393223
DNASE1L1	0.170193955223441	-0.676569216637904	3.36452254985453	-0.201089220420638	0.840628810694931	0.935507377393223
CTD-2256P15.2	0.166794237235196	-0.67661572470487	3.43552339715599	-0.196946912154634	0.843869081959752	0.935507377393223
DTD2	0.18117188894003	-0.676633345957213	3.16669627547486	-0.213671690334669	0.830803089330307	0.935507377393223
NFKB2	0.188453730293921	-0.676689609979387	3.39826633959011	-0.199127891212025	0.842162704061921	0.935507377393223
TIA1	0.191404120805227	-0.676845249848005	3.34138889733315	-0.202564044666639	0.839475795530843	0.935507377393223
BUD31	7.71511056396792	-0.676925833083419	0.782363995585399	-0.865231320591273	0.38691183785068	0.935507377393223
ARMCX5	0.19781946098636	-0.677117069246522	3.24079903261594	-0.208935223206346	0.834498806786962	0.935507377393223
VARS	0.189390519834779	-0.677349079007381	3.28879249224747	-0.205956770031575	0.836824679827257	0.935507377393223
PROSER2	0.187543611229239	-0.678073836929042	3.28082781718442	-0.206677666343051	0.836261600485921	0.935507377393223
SGSM2	0.18328972277767	-0.678113574244211	3.35988053792247	-0.20182669192861	0.840052213785172	0.935507377393223
PTRF	0.185409568065581	-0.678193383147644	3.42644162710622	-0.197929355568916	0.843100336088148	0.935507377393223
CCDC174	1.59748914081661	-0.678696607489827	1.57565466299891	-0.430739440200734	0.666657837828906	0.935507377393223
OGG1	0.190683858717304	-0.679115167789179	3.1013463317889	-0.218974308295796	0.826670061107635	0.935507377393223
METAP1	0.198472845922739	-0.679255317291582	3.12445491398127	-0.217399622011526	0.827896925746564	0.935507377393223
DENR	1.57509319525057	-0.679487376774798	1.54079394479656	-0.440998213336382	0.659214290450069	0.935507377393223
CCDC9	0.175452596173545	-0.67967588174741	3.29210146332319	-0.206456541306389	0.836434308429325	0.935507377393223
GATB	0.180628940270444	-0.679955069116699	3.39091713939621	-0.200522466685156	0.841071988928185	0.935507377393223
CABIN1	0.185487125905746	-0.680623965964808	3.23918085502876	-0.210122248934682	0.833572260952478	0.935507377393223
PAM16	0.171909756558835	-0.681126220162661	3.14200476862693	-0.216780772252079	0.828379197174272	0.935507377393223
NDUFA12	4.58271462123935	-0.681238430175167	0.928900276815043	-0.733381663434267	0.463325679746576	0.935507377393223
LCOR	0.192034201437463	-0.681383814145084	3.26622468760307	-0.208615107445385	0.834748716021932	0.935507377393223
FBXL5	0.190814263526436	-0.681713440005457	3.20885352965029	-0.212447665094814	0.831757802985747	0.935507377393223
IGFBP4	0.180860497905226	-0.681718771587632	3.5836511175408	-0.190230228676793	0.849128724537212	0.935507377393223
EFHC1	0.192518152607308	-0.682017083245536	3.22433172054998	-0.21152199660437	0.83247996968517	0.935507377393223
GUSBP1	0.189699431291207	-0.682438703423653	3.32714944849316	-0.205112127960685	0.837484521137376	0.935507377393223
SLC17A5	0.199932239342377	-0.682638104622242	3.50144641628615	-0.194958889402709	0.845425131513513	0.935507377393223
SRSF1	1.61676093093384	-0.682671890604123	1.5466629491915	-0.441383748774084	0.658935205276495	0.935507377393223
RNF135	0.203041850500059	-0.683038260851824	3.24685657462804	-0.210369089349157	0.833379615964061	0.935507377393223
FASTKD5	0.200026526324329	-0.683435759092487	3.29791734115447	-0.207232531441568	0.835828262302571	0.935507377393223
C12orf45	2.99890125432362	-0.683466714641515	1.11242654242729	-0.614392670953541	0.538955877708162	0.935507377393223
AC092669.3	0.194778389837724	-0.683592274918758	3.14686479105431	-0.217229630221809	0.828029394389846	0.935507377393223
NTMT1	3.10916434761156	-0.683827942164232	1.16867440979102	-0.585131270467807	0.558459454065041	0.935507377393223
PSD4	0.180407869721415	-0.684057436926258	3.17909873223958	-0.215173385459583	0.82963214025126	0.935507377393223
ZFP90	0.195927811613294	-0.684114924751334	3.27963878977368	-0.208594594893953	0.834764730410749	0.935507377393223
MON1A	0.182584054807947	-0.684126084312996	3.2475452514851	-0.210659446238708	0.833153021631958	0.935507377393223
ZBTB10	0.187774877400691	-0.684400609643881	3.18393904465443	-0.214954055352577	0.829803139707459	0.935507377393223
ZNF397	0.2188282336811	-0.684471895523172	3.38642528839352	-0.202122249048015	0.839821154594091	0.935507377393223
ABCC3	0.198282199323686	-0.684616067182078	3.58419529730633	-0.191009699637906	0.848517993859793	0.935507377393223
SMYD5	0.186286932225378	-0.685084452281306	3.17900372603453	-0.2155028780466	0.829375268421511	0.935507377393223
C12orf10	6.17729063207827	-0.685323602223951	0.930733140398668	-0.736326635936055	0.461531940061048	0.935507377393223
B3GALNT1	0.184822517173473	-0.685354766231612	3.38103880617997	-0.202705383025743	0.839365315481187	0.935507377393223
EP400NL	0.183468826086679	-0.685638680878667	3.32555501150813	-0.206172707564904	0.836656006060435	0.935507377393223
ERC1	0.207816327476541	-0.685837247444786	3.23179536763595	-0.212215554955286	0.831938872006239	0.935507377393223
MRPL3	1.63101802697501	-0.68587921499688	1.67317231483627	-0.409927422845265	0.681859188275664	0.935507377393223
FLVCR2	0.182149827685549	-0.686295679659706	3.27588506557388	-0.209499315733618	0.834058469499686	0.935507377393223
RP11-390E23.6	0.184582784267732	-0.686443298953204	3.28311442321197	-0.209082965278327	0.834383472559114	0.935507377393223
NNT-AS1	0.186758888305065	-0.687064270419725	3.39031684587905	-0.202654884971844	0.839404787965432	0.935507377393223
RP5-908M14.9	0.172282213759287	-0.687142568006945	3.28300164571051	-0.209303144549059	0.834211597148095	0.935507377393223
TAF6L	0.17801156372511	-0.687522228221651	3.39559902757317	-0.202474503802948	0.839545788634461	0.935507377393223
ATP11B	0.181843584193736	-0.687756264421971	3.15271740649031	-0.218147133328896	0.827314474521224	0.935507377393223
BCYRN1	0.202608589144036	-0.687799568538756	3.51645544111879	-0.195594563916876	0.844927515464703	0.935507377393223
GPR27	0.199307730405876	-0.687801700842415	3.2517683360673	-0.211516205878997	0.832484487805478	0.935507377393223
FGFR4	0.19258541926425	-0.68813145179939	3.34845018806952	-0.205507447669728	0.837175679880179	0.935507377393223
UBXN11	0.187345375587778	-0.688231396906567	3.34770898019992	-0.205582803337185	0.837116811542521	0.935507377393223
QKI	0.201083860785294	-0.688360931927865	3.2558355261465	-0.211423742507837	0.83255663161278	0.935507377393223
TACC1	0.211677187255186	-0.688384026443522	3.28053450086953	-0.209838983940288	0.833793345578189	0.935507377393223
FHL3	0.188867395450964	-0.688649467465701	3.28842227460603	-0.209416373555067	0.8341232118838	0.935507377393223
KDM4B	0.184936393986761	-0.68884455674695	3.24909258607791	-0.212011365788279	0.832098167262701	0.935507377393223
RGS17	0.192102443128371	-0.688895176945375	3.12244092470261	-0.22062712908203	0.825382775583169	0.935507377393223
ANKRD13D	1.5685193530475	-0.689681129010131	1.51639984711661	-0.454814823624216	0.649242464847722	0.935507377393223
TMED8	0.181051642723682	-0.689734094670412	3.28432118421836	-0.21000811308732	0.833661340907652	0.935507377393223
CTC-459F4.3	0.197870620551328	-0.689816053070159	3.02099971041699	-0.228340324128976	0.819381678340179	0.935507377393223
TIRAP	0.186485488507458	-0.689825870453753	3.09391110098972	-0.222962408400514	0.823564763798362	0.935507377393223
OLFM2	0.20284227691024	-0.690375873788159	3.42666176180457	-0.20147184688126	0.840329641007316	0.935507377393223
WDR25	0.194849321424861	-0.690381538431946	3.13290062500826	-0.220364965591632	0.8255869281742	0.935507377393223
CLK3	1.61745209969362	-0.690464637431641	1.58564550325907	-0.435447037823075	0.663237973982548	0.935507377393223
RP11-61K9.3	0.189595392385897	-0.690749817106403	3.23517243486909	-0.213512519351802	0.830927225218872	0.935507377393223
THUMPD2	0.20384806875757	-0.691544504845489	3.20799178473114	-0.215569287969186	0.829323497572653	0.935507377393223
UBAC1	1.59081795771223	-0.691672433045297	1.5192786879376	-0.455263697527564	0.648919539787117	0.935507377393223
RNPS1	6.31834823257956	-0.69179623453639	0.905231580418064	-0.764220172496521	0.444736047194464	0.935507377393223
XRRA1	0.203607814412191	-0.692010387992786	3.02599414425851	-0.228688607777315	0.819110949848973	0.935507377393223
PPFIBP1	0.181721596048001	-0.692065476081253	3.27210269544517	-0.21150481525064	0.832493375176144	0.935507377393223
AFF1	0.181102122439376	-0.692138335370042	3.16278597813456	-0.218838182588084	0.826776102281852	0.935507377393223
ANKRD12	1.57485046566711	-0.692149228850468	1.54655619728633	-0.447542242606476	0.654483594771691	0.935507377393223
SPATA7	0.194114198463271	-0.692767041781121	3.28602100496041	-0.210822463013887	0.833025809517981	0.935507377393223
MCU	0.180435960708149	-0.692912992542672	3.17184401643496	-0.218457461638193	0.827072698565074	0.935507377393223
FBXW9	0.187803286363535	-0.692931640139152	3.22923088857149	-0.214581014504566	0.83009399737151	0.935507377393223
TRMT2B	0.193370183071318	-0.693471075216474	3.10927653663521	-0.223032936133411	0.823509872728514	0.935507377393223
MTERF2	0.186276919148528	-0.693926477329091	3.31914661622336	-0.209067738658278	0.834395358991465	0.935507377393223
ATP5G2	6.09726726685067	-0.694020372382911	0.8350366814035	-0.831125611411975	0.405902672712257	0.935507377393223
TPD52L2	4.74205239433184	-0.694116065717874	0.986876775547555	-0.703346236243885	0.481840003051143	0.935507377393223
FMR1	0.196335855866606	-0.694146076204946	3.17176289430535	-0.21885181816435	0.82676548010088	0.935507377393223
SPATA13	0.204954395401113	-0.694261737610985	3.32028763727488	-0.209096865529638	0.834372621569648	0.935507377393223
SP1	0.186061890870972	-0.694414264243668	3.41000695652091	-0.203640131265935	0.838634729987346	0.935507377393223
GCDH	0.187595108943805	-0.694524612598552	3.25630948548435	-0.213285811958149	0.831104039374825	0.935507377393223
DLG5	0.188923518094951	-0.694578817274298	3.22534396823149	-0.215350308096022	0.829494209415478	0.935507377393223
DUS3L	0.194681422634943	-0.694805805754704	3.15659393137837	-0.220112507613961	0.825783534012592	0.935507377393223
WDR37	0.177587465326792	-0.694931753286794	3.13595742625989	-0.221601144029435	0.824624391829392	0.935507377393223
SLC25A33	1.58296622638277	-0.695106273367851	1.51147719402926	-0.459885386371496	0.645598490106197	0.935507377393223
MAPT	0.195932826798299	-0.695266212259707	3.2725616777253	-0.212453203553668	0.831753482545394	0.935507377393223
GMDS	0.181906232634343	-0.695372069663813	3.19155162739347	-0.217878997693583	0.827523391459935	0.935507377393223
ATP6V1E2	0.189063381699444	-0.695706677717917	3.16866418394318	-0.219558349301679	0.826215132287127	0.935507377393223
MYO9A	0.191306609154888	-0.696225376047135	3.26066000900614	-0.213522837132396	0.830919178355067	0.935507377393223
TMEM255B	0.170043714431454	-0.696273016350238	3.33021158384012	-0.209077711376931	0.834387573934089	0.935507377393223
LSS	0.179844572820043	-0.696483394706596	3.18157783525879	-0.218911317204957	0.826719130426578	0.935507377393223
PYCRL	0.192247181910296	-0.696672312544757	3.19073887701632	-0.218342001460245	0.827162651367591	0.935507377393223
NEK4	0.204258493785573	-0.696975141783975	3.17562621347092	-0.219476441788843	0.826278929239585	0.935507377393223
TMEM184B	0.191209578647899	-0.697004280360818	3.19850049160949	-0.217915952237382	0.827494597731409	0.935507377393223
PHLPP2	0.187205806514531	-0.69701009123035	3.10432819207147	-0.224528480271683	0.822346108508279	0.935507377393223
FZD6	0.201429093876731	-0.697149353528594	3.22129518151684	-0.216418960152643	0.828661188385861	0.935507377393223
MYO9B	0.189605203450973	-0.697316609994946	3.09728179961934	-0.22513825189579	0.821871724037951	0.935507377393223
HS1BP3	0.190028462170432	-0.697560581516353	3.16528436492419	-0.220378487710712	0.825576397908132	0.935507377393223
TM9SF4	0.190918430310129	-0.697834042541645	3.14247634957228	-0.222065010174739	0.82426327565747	0.935507377393223
LAMB2	0.190710647835123	-0.697987178439757	3.14778284145947	-0.221739304645341	0.82451683098367	0.935507377393223
ZNF687	0.193459424900353	-0.698232981868983	3.18326219214614	-0.219345105656609	0.826381228048997	0.935507377393223
METTL4	0.18408793445686	-0.698290795617924	3.15653398444239	-0.221220743720673	0.824920558206411	0.935507377393223
OR7E38P	0.182324559072177	-0.69843579748266	3.27849994013942	-0.213035171644066	0.831299529300494	0.935507377393223
EXOSC3	1.57138882514318	-0.69849666354288	1.54226864807001	-0.452902070217779	0.650619260157685	0.935507377393223
RFX5	0.184546280931348	-0.698535005241737	3.15614113413754	-0.221325655461419	0.824838875103248	0.935507377393223
NKRF	0.197564698669491	-0.698692318764526	3.12053208999021	-0.223901661196094	0.822833823097278	0.935507377393223
SLC20A1	0.19835316879962	-0.69879394758697	3.22665436979412	-0.216569197534335	0.828544092821458	0.935507377393223
JRK	0.202245702833981	-0.699127647522526	3.06699236501801	-0.227952196913415	0.819683403472289	0.935507377393223
ERCC6L2	0.211386690354208	-0.699244794781919	3.13393295473446	-0.223120534128072	0.82344169723703	0.935507377393223
TTC9	0.184756595117288	-0.699401015907554	3.12468482745798	-0.223830899603572	0.822888885490606	0.935507377393223
EPS8	0.200320941642697	-0.699650767837782	3.13706599464283	-0.223027111649094	0.823514405837062	0.935507377393223
VEGFA	0.206761355860963	-0.699690456137248	3.34033920348343	-0.20946688749681	0.834083781955824	0.935507377393223
C11orf1	0.171084602435157	-0.700313855288274	3.26903088381934	-0.21422674798045	0.830370238365969	0.935507377393223
LYSMD3	0.188287150479251	-0.700524535745246	3.15453582765389	-0.222068974333458	0.824260189751053	0.935507377393223
VPS37D	0.18975009999453	-0.700534380585968	3.27222199918554	-0.214085224278894	0.8304805980028	0.935507377393223
ADARB1	0.174049217219267	-0.700653566759614	3.38063349001167	-0.207255110271417	0.835810629756876	0.935507377393223
RAB5A	3.18678081909981	-0.700945997642852	1.20001569589721	-0.584114024540971	0.559143599816444	0.935507377393223
CCNG2	0.180051300758368	-0.700988119591505	3.24573166908682	-0.21597229563611	0.829009342819167	0.935507377393223
MIER2	0.1968125377901	-0.701034086213246	3.0288276148488	-0.231453940388167	0.816962164193835	0.935507377393223
WWC3	0.189642878373628	-0.701068750850756	3.20513190390964	-0.218733197842993	0.826857886975964	0.935507377393223
SOCS6	0.19150824373092	-0.701266342308417	3.07420106362056	-0.228113362722775	0.819558111990279	0.935507377393223
LRSAM1	0.186793670315401	-0.701270851125023	3.13012512862003	-0.224039238787297	0.822726771030343	0.935507377393223
LRRC6	0.209388196772717	-0.701401084685133	3.36177206962477	-0.208640285587066	0.834729059245923	0.935507377393223
MTERF3	0.195097278752615	-0.701469501717877	3.08150588684983	-0.227638540205736	0.819927255690488	0.935507377393223
N4BP1	0.206873380074824	-0.701522636505031	3.04550913382095	-0.230346587608124	0.817822462069327	0.935507377393223
MED9	0.188794899723273	-0.70166882646272	3.21500060738689	-0.218248427341053	0.827235554826673	0.935507377393223
ENO2	0.203175618350361	-0.701922398101812	3.27366811421133	-0.214414648526738	0.83022371941491	0.935507377393223
RPS19P1	0.17369426641346	-0.702081642795679	3.19707695143952	-0.219601108593761	0.826181827952783	0.935507377393223
LGALS8	1.59287326725067	-0.702405649659479	1.53907753200686	-0.456380939265346	0.648116069820864	0.935507377393223
CDR2	0.184091744879417	-0.70253605493169	3.39585653360417	-0.206880369644491	0.83610328762537	0.935507377393223
SSFA2	0.188798101475975	-0.702817563208616	3.19488565172577	-0.219982071292279	0.825885117743463	0.935507377393223
GXYLT1	0.213646568647735	-0.702876982298943	3.11910497990421	-0.225345727966017	0.821710328569739	0.935507377393223
RBM41	0.193709577949295	-0.703095741745012	3.11971741700881	-0.225371611515745	0.821690194306479	0.935507377393223
URGCP	0.202942166399973	-0.703879462775859	3.10359546843841	-0.226794848083091	0.820583269966309	0.935507377393223
ZNF335	0.200049795556112	-0.703895387436322	2.99454595330413	-0.235059136981904	0.814162834112968	0.935507377393223
HPS4	0.204986432283793	-0.704268736564241	3.03049713849074	-0.232393796918411	0.816232166402682	0.935507377393223
ING4	0.189235947800169	-0.704406475703143	3.14996459151665	-0.223623617103576	0.823050185218751	0.935507377393223
TRIM69	0.191917244737943	-0.70452428913985	3.17960604731224	-0.221575968423947	0.824643991904391	0.935507377393223
PLD1	0.199415596818708	-0.704525330721509	3.10974570317923	-0.226554000862914	0.820770564193728	0.935507377393223
ADPRM	0.195464360982554	-0.704636172360269	3.2649928212463	-0.215815534960747	0.829131538516567	0.935507377393223
PTPN6	0.200439523616086	-0.70478911961084	3.16088423345724	-0.222972139299126	0.823557190280341	0.935507377393223
LRBA	0.195576762610397	-0.705146498067134	3.08432974813833	-0.228622279603131	0.819162506527072	0.935507377393223
HCFC1R1	0.181198978616533	-0.705231927062221	3.31692494918225	-0.21261618452841	0.83162634664161	0.935507377393223
ATG10	0.191810373028732	-0.705242171146564	3.16453940818866	-0.222857762277082	0.823646210480469	0.935507377393223
FBXO36	0.188441649691943	-0.705264015873793	3.23941876735824	-0.21771313514027	0.827652628797014	0.935507377393223
MRPL39	0.203604942982716	-0.70550670881049	3.15201158626292	-0.223827447806736	0.822891571492533	0.935507377393223
PCBP1-AS1	0.200002330720827	-0.705587651228069	3.07510964813821	-0.229451217017662	0.818518232359639	0.935507377393223
FANK1	0.174332087657817	-0.70562322478476	3.42501900153402	-0.206020236520942	0.836775103916003	0.935507377393223
CHPF	1.54049539983325	-0.705734411011472	1.54939180551319	-0.455491250502463	0.648755860754544	0.935507377393223
STX11	0.190544488840785	-0.706082864380834	3.21373755997423	-0.219707692742184	0.826098813110189	0.935507377393223
HHEX	0.192096366714583	-0.70628139241136	3.20701218781215	-0.220230342465019	0.825691766807072	0.935507377393223
OLA1	6.26372152996046	-0.706615287637697	0.839154959595785	-0.842055784283356	0.399756729192913	0.935507377393223
DNAJC17	0.194044106752671	-0.706702742932428	3.34127001363168	-0.211507223316053	0.832491496316649	0.935507377393223
RCOR3	0.203457420985298	-0.706774262374849	3.11566175274041	-0.226845632955246	0.820543778545464	0.935507377393223
MSL3	0.204853618030492	-0.706875368509224	3.13220698688381	-0.225679647440058	0.821450588727056	0.935507377393223
CENPW	0.203833311763928	-0.707069567046774	3.570532135157	-0.198029184525371	0.843022229919528	0.935507377393223
IQCG	0.199432677723731	-0.707168088763691	3.10752233191809	-0.227566534759928	0.819983238739125	0.935507377393223
RP11-503N18.5	0.201532243035563	-0.707441519137384	3.18416360727198	-0.222174990481561	0.824177662299633	0.935507377393223
ZNF33A	0.195195769668842	-0.707534070602623	3.22390721205164	-0.219464774903482	0.826288016554642	0.935507377393223
RDH10	0.180961162436547	-0.707565101617716	3.2354927031323	-0.218688517187109	0.826892694448137	0.935507377393223
PAQR4	0.192604240117744	-0.707859288768965	3.11484540707491	-0.227253425534753	0.820226686670589	0.935507377393223
ADAM9	0.194399573857105	-0.707893043449177	3.09951221910672	-0.228388531293867	0.819344204572841	0.935507377393223
VPS33B	0.210648184398307	-0.708020460979042	3.14226833656762	-0.22532145098481	0.821729213224219	0.935507377393223
LINC01128	0.198219451312009	-0.708114503039369	3.20697267856266	-0.220804657231049	0.825244537135502	0.935507377393223
APITD1	0.182007715165534	-0.708141177220104	3.07326504228987	-0.230419819792852	0.817765561494512	0.935507377393223
RPL6P27	0.167933778491007	-0.708181682486625	3.24273679051013	-0.218390121751207	0.827125161499339	0.935507377393223
IFIT5	0.192839597539022	-0.708427727863135	3.24528197146033	-0.218294661016575	0.827199534051731	0.935507377393223
ZNF654	0.212173623241538	-0.708578297935039	3.163586080277	-0.223979458739114	0.822773286759456	0.935507377393223
BCAR1	1.62449627297478	-0.70880847237066	1.52338146701586	-0.465286264614431	0.641726469671367	0.935507377393223
PLXNB2	0.193315276103872	-0.708856890894863	3.05284904993168	-0.232195198419891	0.81638640696402	0.935507377393223
WDR24	0.19177694221982	-0.7091170873916	3.08903336065127	-0.22955954326181	0.818434047108607	0.935507377393223
CDC42EP3	0.199529707420972	-0.70934429405009	3.09440073600235	-0.229234787142175	0.818686436124988	0.935507377393223
FAM189B	0.199292403288694	-0.709386104019741	3.11254537523927	-0.227911891554419	0.819714737873574	0.935507377393223
GTF2B	0.203370436458422	-0.709466802477816	3.07016328710015	-0.231084387419643	0.817249243932112	0.935507377393223
IMPA2	0.189893216450653	-0.709992675551121	3.38989456945997	-0.209443881219063	0.834101740032943	0.935507377393223
SEC61A2	0.194697326308788	-0.710135630357535	3.08664303500818	-0.230067300398296	0.818039473863693	0.935507377393223
MINA	0.198656182630854	-0.710165993177123	3.08008126906169	-0.230567290646024	0.817650981232277	0.935507377393223
ZBTB17	0.204378174075825	-0.710638434357204	2.97778170390622	-0.238646920768234	0.811379378604138	0.935507377393223
HDGFRP3	1.61396586996215	-0.710726928765114	1.55069261499257	-0.458328698991397	0.646716308606713	0.935507377393223
FAM20C	0.209218068661433	-0.710986503088684	3.38765324072613	-0.20987582038836	0.83376459446821	0.935507377393223
ELK4	0.186410236332068	-0.711152987493124	3.07133912833385	-0.231544924796016	0.816891488564872	0.935507377393223
FUCA1	0.1927913180806	-0.71119481813952	3.28367954156792	-0.216584721236206	0.828531993808608	0.935507377393223
NCDN	0.204290313829624	-0.711699195590605	3.0694101429086	-0.231868392445004	0.816640234720255	0.935507377393223
THYN1	0.199069219136166	-0.712722670375302	3.21954152750547	-0.22137396405243	0.824801263214493	0.935507377393223
DENND4B	0.195259996106893	-0.712869385243658	3.0831089185036	-0.23121771046274	0.817145671797612	0.935507377393223
C14orf80	0.203388604078282	-0.713653005709064	3.3754658494651	-0.211423559750176	0.832556774209383	0.935507377393223
TP53INP1	0.195023321333553	-0.713835100997959	3.41498995766845	-0.209029926836248	0.834424876386327	0.935507377393223
H3F3B	57.1424952456636	-0.713877252525504	0.618053595364883	-1.15504101566475	0.248073630706097	0.935507377393223
MRI1	0.204776332168727	-0.714032463362362	2.98188157118375	-0.239457016087632	0.810751223184856	0.935507377393223
TPT1P9	0.186804856875799	-0.714227927866913	3.16604353796518	-0.225590052474752	0.821520278406235	0.935507377393223
GAA	0.197153997234953	-0.714735848675927	3.05392225193864	-0.234038652497525	0.814954971458245	0.935507377393223
FECH	0.18968744925608	-0.71507776701442	3.06390964972574	-0.233387354316544	0.81546063186916	0.935507377393223
SELO	0.197385474959948	-0.715377571938282	3.14476119633735	-0.227482319729546	0.820048715702593	0.935507377393223
FAM213A	1.62140124230701	-0.715632103121522	1.58226616741133	-0.452283008927843	0.65106511476818	0.935507377393223
MOB3C	0.196071140313587	-0.715666657456279	3.06981196758385	-0.233130453921436	0.815660107530118	0.935507377393223
RPS27L	10.8737864913466	-0.716047662512089	0.759690156158375	-0.94255224542203	0.345909975871056	0.935507377393223
SMPD1	0.201786763013328	-0.71671868363931	3.25503334959885	-0.220187815810747	0.825724885360992	0.935507377393223
ARL6IP1	1.62678722884345	-0.716769111650627	1.54159584646237	-0.464952674396118	0.641965347903166	0.935507377393223
PLCG1	0.192783379685422	-0.716922670778043	3.09273437212855	-0.23180867947758	0.816686615414503	0.935507377393223
NBPF19	0.204491846558406	-0.71699877292268	3.25569577017311	-0.220229045813011	0.825692776598348	0.935507377393223
ORC5	0.208429962955955	-0.717283667485634	3.20686570248677	-0.223671252254004	0.823013116609381	0.935507377393223
MLLT3	0.206553259966346	-0.717641568403438	3.03461790607211	-0.236484984474479	0.813056357544954	0.935507377393223
AGAP3	0.206057279594783	-0.717658308044918	3.05490430918991	-0.234920061452014	0.814270778456516	0.935507377393223
DEGS1	0.195204731202182	-0.717953945379897	3.23541833049182	-0.221904518069155	0.824388213303809	0.935507377393223
ADM2	0.19820641343095	-0.71868045076152	3.27747280516925	-0.219278844855101	0.826432840258828	0.935507377393223
RPL24P2	0.185077272315662	-0.718736650239562	3.13614647166261	-0.229178278735983	0.818730354387631	0.935507377393223
MMD	0.22180617415945	-0.719611572706035	3.21252111586628	-0.224002130025529	0.822755645826859	0.935507377393223
EARS2	0.204557903968201	-0.719864820360155	3.14680944916211	-0.228760219514349	0.819055287152294	0.935507377393223
PNRC1	1.65189256129807	-0.72014614242857	1.58234849051767	-0.455112225116082	0.649028503412284	0.935507377393223
ABCG1	0.20816354058679	-0.720349193202307	3.09949391388477	-0.232408649029884	0.816220631868302	0.935507377393223
UBE2Q2	1.67783366284252	-0.720620901488157	1.55372307129974	-0.463802665223561	0.642789133659362	0.935507377393223
MICALL1	0.199442489617721	-0.721080050393775	3.01598053918941	-0.239086440056266	0.811038556178155	0.935507377393223
EDEM2	0.206087357569712	-0.721266619944976	3.05086343775771	-0.236413931550828	0.813111486742508	0.935507377393223
PA2G4	6.35396192853614	-0.721422880708533	0.9745757712549	-0.740242987756203	0.459152567823247	0.935507377393223
MFSD3	0.199340077869504	-0.721648509712606	3.15364942849812	-0.228829654682411	0.819001317139748	0.935507377393223
LRCH3	0.211165604384899	-0.721912824469273	2.96297603665626	-0.243644503208321	0.8075061581351	0.935507377393223
ZNF557	0.219773138038274	-0.722058415969544	2.97870529286	-0.242406799256149	0.808464966420947	0.935507377393223
ATE1	0.202888975006425	-0.722112871231437	3.08224760803499	-0.23428126583633	0.814766628945881	0.935507377393223
STX16	3.22027344405653	-0.723027641599238	1.18657289320412	-0.609341108110804	0.542298364592656	0.935507377393223
DHX57	0.207797589963234	-0.723735082830026	3.08541588919677	-0.234566460023785	0.814545244297698	0.935507377393223
PCNXL3	0.205260386999123	-0.724077170070892	3.0414187362611	-0.238072173830631	0.811825116380119	0.935507377393223
AMPD2	0.195682139993787	-0.724078896744261	3.17398608073464	-0.228129197270036	0.819545802345584	0.935507377393223
NEDD4L	0.184702263184384	-0.724291213339495	3.08620801436463	-0.234686453397928	0.814452102747098	0.935507377393223
MSH3	0.217034375765738	-0.724458215925354	2.98543317438365	-0.24266435508975	0.808265422689456	0.935507377393223
TDRKH	0.197003818080395	-0.724480937537697	3.03964416102826	-0.238343996585645	0.811614300042536	0.935507377393223
AC027612.6	1.58759656566422	-0.724502816881139	1.55700241160134	-0.465319007525495	0.641703025032281	0.935507377393223
KIAA0141	0.198077918281701	-0.724845492427341	3.03417947519002	-0.238893413640914	0.811188232872958	0.935507377393223
BSG	4.7351212161123	-0.725057618444396	0.947311268384746	-0.765384771238589	0.444042458522797	0.935507377393223
MAPK7	0.19866729021931	-0.725426550128004	2.97602998192654	-0.243756465671894	0.807419438758218	0.935507377393223
NME7	0.199388712369784	-0.725555060773603	3.07387759815578	-0.236039021595691	0.813402390663782	0.935507377393223
MLH1	0.190646092398942	-0.726253456955794	3.07572750596449	-0.236124122032083	0.813336356413152	0.935507377393223
PPP1R21	0.202618473275298	-0.726270855995029	2.99941735681787	-0.242137311882979	0.808673767559013	0.935507377393223
TYMS	0.198441237465838	-0.726611076618591	3.52837923711051	-0.205933384080798	0.836842947580869	0.935507377393223
SETD1B	0.208309080796799	-0.726664763085034	3.04124953475838	-0.23893625129408	0.811155015070149	0.935507377393223
WIPF1	0.19754734297548	-0.726798710866826	3.13271954539044	-0.232002482295696	0.816536085807764	0.935507377393223
FAM173B	0.186353476561289	-0.726891973405292	3.13064289130357	-0.232186167072738	0.81639342128514	0.935507377393223
SERTAD2	0.188523902534414	-0.727262348741882	3.16262380295515	-0.2299553769444	0.818126444559245	0.935507377393223
FOXK2	0.194154613534898	-0.727689516825181	3.01764320760982	-0.241144981948201	0.809442750691032	0.935507377393223
TMEM150A	0.198719841996965	-0.727985276353457	3.10383039115013	-0.234544154999301	0.814562558247395	0.935507377393223
POLB	0.209722974817337	-0.728234735326223	3.04475845209183	-0.239176521482651	0.810968707531297	0.935507377393223
RP4-756H11.5	0.20052614412917	-0.728352676684204	3.00712495468066	-0.242208982885964	0.808618234917963	0.935507377393223
SPIN2B	0.201882391476446	-0.728604497595455	2.98258107866501	-0.244286568706315	0.807008885041089	0.935507377393223
METTL12	0.203235487646584	-0.728655092387859	3.0695952725856	-0.237378229923482	0.812363377138866	0.935507377393223
SFN	3.20280963800918	-0.728770274011674	1.44713458672385	-0.503595367492063	0.614545748589715	0.935507377393223
DXO	0.186305032290703	-0.728862191788905	3.21697857750714	-0.226567312845989	0.82076021189707	0.935507377393223
NACAP1	0.191261507186212	-0.729171450010987	3.03775908862068	-0.240035970180266	0.810302371445738	0.935507377393223
E2F5	0.194862364494598	-0.730122375350766	3.28225474856266	-0.222445371027491	0.823967195455158	0.935507377393223
NT5C	1.60384332371231	-0.730522525773039	1.52208305079059	-0.47994918897073	0.63126352342045	0.935507377393223
KDM5B	1.65637986216534	-0.730533107789083	1.57367702840681	-0.464220481459703	0.642489788591537	0.935507377393223
RPP14	0.211266720261476	-0.730605766016875	3.15355985681491	-0.231676517709984	0.81678927135519	0.935507377393223
LPCAT3	0.198981097283155	-0.730610677155859	2.94056707297607	-0.248459109764983	0.803779203963341	0.935507377393223
RPS15AP1	0.18179167312623	-0.730667962445019	3.20126240982416	-0.228243695425504	0.81945679375993	0.935507377393223
CETN2	1.59338399986141	-0.730760380518827	1.57291136917817	-0.464590945706394	0.642224417484729	0.935507377393223
FLYWCH2	3.17415551025051	-0.731065697598274	1.10003628119269	-0.664583259749972	0.506317079320497	0.935507377393223
PLEKHA3	1.66027102784662	-0.731104614594493	1.58193781755526	-0.462157618637849	0.64396829322977	0.935507377393223
TCF7	0.232013671771521	-0.731269383348539	3.13212724410862	-0.233473714940547	0.815393578049795	0.935507377393223
CSTF3	0.210438903353339	-0.731278315678604	3.07729133445873	-0.237637011318992	0.812162641787162	0.935507377393223
ZNF316	0.217661199805355	-0.731468308027066	3.12492662392331	-0.234075354738639	0.814926478552763	0.935507377393223
LPGAT1	0.203881220655757	-0.731770208707634	3.08690306304003	-0.237056426380612	0.812613015635256	0.935507377393223
KBTBD4	0.207742586793318	-0.73211998161823	3.07676430334353	-0.237951272647903	0.811918887544883	0.935507377393223
MIB2	0.195711800514484	-0.73242688082013	3.01554953083489	-0.242883386039873	0.808095736274804	0.935507377393223
ARL13B	0.217720507629883	-0.732585045422955	3.03341181230033	-0.241505305165741	0.809163505229646	0.935507377393223
ANKS6	0.195187377062948	-0.733240040997651	3.15268412927122	-0.232576436754274	0.81609032634268	0.935507377393223
NAA20	4.85813736439613	-0.733433491915438	1.02323202448946	-0.716781213216409	0.473509105497043	0.935507377393223
PLSCR1	0.210421808898265	-0.733633052218707	3.13548354618181	-0.233977643771111	0.815002334662723	0.935507377393223
OST4	15.4285667244257	-0.733801842049832	0.652537378675092	-1.12453610479715	0.260785662689671	0.935507377393223
RASGRP3	0.184607868105293	-0.733950562376302	3.71516256502157	-0.197555436547106	0.843392904015188	0.935507377393223
CHAC1	0.193199807197572	-0.734413914419674	3.03417579701	-0.242047252220321	0.808743549599681	0.935507377393223
IFT57	1.64264365639443	-0.73454105877618	1.59889512900076	-0.459405401550781	0.645943070068802	0.935507377393223
RAB15	0.215301937648726	-0.734751516735992	2.98814509268087	-0.245888835363345	0.805768286641731	0.935507377393223
ZNF134	0.222705407288866	-0.734898595872114	3.05552663105637	-0.240514544498681	0.809931389256896	0.935507377393223
NRAS	1.67016646512743	-0.735223494279225	1.68776915612502	-0.435618515488952	0.663113534778393	0.935507377393223
CYC1	6.32918920719005	-0.735593727862557	0.846062461278453	-0.869431940936168	0.384610918865511	0.935507377393223
TBC1D1	0.198553546289494	-0.736102312565676	3.02877208376363	-0.243036548214277	0.807977084706929	0.935507377393223
FRYL	0.215808869847896	-0.73626693116049	2.95509142900294	-0.249151997103829	0.803243209440389	0.935507377393223
STAT2	0.219612580670257	-0.736300734991788	3.1039975785414	-0.237210473385029	0.812493511582004	0.935507377393223
NIPAL2	0.204911362363372	-0.737391996949438	3.03142804429981	-0.243249051659334	0.807812469999752	0.935507377393223
C14orf28	0.191538932480251	-0.737624314563396	2.96915126762496	-0.248429348348232	0.803802228470897	0.935507377393223
EMC3-AS1	0.197664016216604	-0.737691907481541	3.16999787102322	-0.232710537197751	0.815986186332241	0.935507377393223
FUT8	0.203002200369245	-0.737741965771297	3.15574690751422	-0.233777291840053	0.815157879617217	0.935507377393223
FXYD5	0.192101891986256	-0.737817372092644	3.18017599339486	-0.232005201481009	0.816533973823164	0.935507377393223
DENND1A	0.201796877864832	-0.737864078309675	3.06737208320308	-0.24055251801704	0.80990195469705	0.935507377393223
GCA	0.208845377229905	-0.737965905717229	3.07196157359589	-0.240226281493946	0.810154840435663	0.935507377393223
FANCG	0.200628404924048	-0.738530224185157	3.15505692909482	-0.23407825620346	0.814924226080511	0.935507377393223
PHRF1	0.216664941866553	-0.738585113302439	2.90429945801985	-0.254307492728731	0.799258011688076	0.935507377393223
RP11-395A13.2	0.202262982915716	-0.738995794028591	3.14918302442495	-0.234662700864626	0.814470539788466	0.935507377393223
UBC	42.0965173038601	-0.739399150774347	0.970421072209063	-0.761936412913191	0.446097956125293	0.935507377393223
NUP153	0.222261586847756	-0.739458005580058	2.91829316872749	-0.253387155719689	0.79996905212356	0.935507377393223
DIS3L2	0.214093550387637	-0.739490306492018	2.85113730128867	-0.259366781865531	0.79535225718097	0.935507377393223
BRAT1	0.19647991894677	-0.739667599602964	2.98444780421946	-0.247840688839393	0.804257671699281	0.935507377393223
SLC22A23	0.204352310131237	-0.740375239879337	3.0118400356402	-0.24582156791802	0.80582036047864	0.935507377393223
GINS2	0.211082765301918	-0.740433007508969	3.54764339726062	-0.208711227312392	0.834673675030585	0.935507377393223
VCPIP1	0.211556980252776	-0.740693172202789	2.8762990415511	-0.257516051531053	0.796780425700484	0.935507377393223
OTUD6B	0.20480181230272	-0.741218204184796	3.00812413958538	-0.246405457285071	0.805368382152182	0.935507377393223
CTD-2017D11.1	0.214350931829044	-0.741229599394311	3.12750752446727	-0.237003298503837	0.812654231318544	0.935507377393223
DNAJC16	0.218220889274775	-0.741554336366872	3.10994155347245	-0.238446389945457	0.811534890830845	0.935507377393223
C3orf58	0.213055739393347	-0.741677147699503	3.12254218525392	-0.237523499667048	0.812250690652641	0.935507377393223
PPP6R2	0.20591410932648	-0.741704012459708	2.97134285658356	-0.249619127868844	0.802881904869735	0.935507377393223
ZNF823	0.20994454385372	-0.741819697406366	2.94700987323382	-0.251719447614999	0.801257923901825	0.935507377393223
SIPA1L2	0.213360032178745	-0.742014791611218	3.11546955573599	-0.238171093742538	0.811748395934202	0.935507377393223
STK38	0.204390943275395	-0.742419197447409	2.88502504750169	-0.257335442577981	0.796919834253484	0.935507377393223
LINC00936	0.207997093572516	-0.742489013896212	3.10316048495637	-0.239268648043077	0.810897274655194	0.935507377393223
C1orf50	1.60301690184698	-0.742505419472607	1.52257825742053	-0.487663222467475	0.625788405967615	0.935507377393223
MED16	0.193730182345125	-0.74254945222413	2.88050428004804	-0.2577845335511	0.79657320161316	0.935507377393223
UBXN7	0.213528535157789	-0.743141283481763	2.87728664801979	-0.258278501376708	0.796191976941555	0.935507377393223
ATF2	0.209047022058652	-0.743208793526932	3.00435628026751	-0.247377049921907	0.804616433843166	0.935507377393223
AARD	0.203585545404369	-0.74338590605145	3.13697152656915	-0.236975662595344	0.812675670981159	0.935507377393223
YTHDC2	0.229673513510642	-0.743418585559954	3.01820345497903	-0.246311621018643	0.805441014747985	0.935507377393223
PDK3	0.207155861167311	-0.743603535473073	3.07503316903339	-0.24181967952782	0.808919889336853	0.935507377393223
IGF2R	0.222113413733086	-0.743901464144677	2.91287066597349	-0.255384309655253	0.798426288180013	0.935507377393223
UTP6	0.222963709110053	-0.744183073178553	3.18552038524353	-0.233614286891986	0.815284435293734	0.935507377393223
SOS2	0.209861584649888	-0.744253318412253	3.23282910361316	-0.23021734046518	0.817922887971473	0.935507377393223
IRF2BP1	0.209079694866498	-0.744645168657136	3.00772008364714	-0.247577948727923	0.804460974005736	0.935507377393223
NPDC1	3.1681739310197	-0.744988715028839	1.27376608851063	-0.584870897214674	0.55863452858331	0.935507377393223
ZNF480	0.214712748468727	-0.745102005027696	2.87017399072469	-0.259601685276078	0.795171036227861	0.935507377393223
NR2C1	0.207937015784225	-0.745208141947964	3.01508966443908	-0.247159529196489	0.804784764792353	0.935507377393223
PCID2	0.217944112983701	-0.745341800499687	2.88109956990592	-0.258700465712827	0.795866360205724	0.935507377393223
TBC1D22A	0.207234305067043	-0.745374961342223	3.0473539873948	-0.244597432535053	0.806768152226743	0.935507377393223
KIDINS220	0.212598816359144	-0.746148669734765	3.09124921077001	-0.241374479655396	0.809264890365285	0.935507377393223
ZDHHC4	1.62597286956864	-0.746756212591985	1.55598647754045	-0.479924615908221	0.63128099699572	0.935507377393223
DPP9	0.195747360529507	-0.746790284524293	2.870431126918	-0.260166592231086	0.794735272674104	0.935507377393223
DECR2	0.203817096687922	-0.746912806435593	3.04957000656159	-0.244923974471319	0.806515298004874	0.935507377393223
MSH6	0.235984053498829	-0.747231559147759	3.04221539903534	-0.245620858859863	0.80597574076555	0.935507377393223
EMC1	0.213902486034405	-0.747387138901751	3.01115731884216	-0.248205942022695	0.803975069111956	0.935507377393223
PCMTD1	0.210403862170991	-0.74748133344035	3.02036108776562	-0.247480785151194	0.804536160315958	0.935507377393223
PGS1	0.197866943137397	-0.747551372048942	2.98993069944022	-0.250022976180986	0.802569580371919	0.935507377393223
SETDB1	0.20494622755359	-0.747652960379308	2.82259210736171	-0.264881687449393	0.791100605906473	0.935507377393223
PPIP5K2	0.208301134285717	-0.747902004752727	2.89749892667688	-0.258119855668244	0.796314408076207	0.935507377393223
FRG1B	0.23033899285115	-0.748125028712342	3.02289526207982	-0.247486255345021	0.804531927368067	0.935507377393223
ZNF623	0.217997247514398	-0.748431853572929	3.07424149113736	-0.243452525031154	0.807654858366784	0.935507377393223
DUSP18	0.202147293070721	-0.748550841493806	2.98121186622797	-0.251089447876418	0.801744954006682	0.935507377393223
HERC1	0.214163817243405	-0.749085649273194	2.91352787028633	-0.257106052395365	0.797096905433143	0.935507377393223
LDB1	0.20249256316282	-0.749216619145745	2.82375113807029	-0.265326717020023	0.790757784630016	0.935507377393223
WWOX	0.211960432216726	-0.749584507581854	2.88365576247646	-0.259942437421212	0.794908175787374	0.935507377393223
SLC5A3	0.213177631603228	-0.749964074254503	3.20891236582003	-0.233712856182301	0.81520790634604	0.935507377393223
SH3BP2	0.201881093698386	-0.750401898328596	3.09337028533634	-0.242583922747873	0.808327737041439	0.935507377393223
MED17	0.223247003938843	-0.751007441342459	2.94022708812194	-0.255424978695153	0.79839488026305	0.935507377393223
SC5D	0.207923405973103	-0.751040421187694	3.05158351216764	-0.246114982006246	0.805593225756843	0.935507377393223
AC099850.1	0.206786830732612	-0.751081369593257	3.04175881179634	-0.246923380867827	0.804967521175039	0.935507377393223
KLF13	0.212401467116922	-0.75154766966403	3.06109767887689	-0.245515742555387	0.806057120326752	0.935507377393223
ZSCAN16	0.209833682156703	-0.751569210396956	2.92516465996501	-0.256932274850451	0.79723105498345	0.935507377393223
RGS12	0.216574549673911	-0.751586036247783	2.88052093767379	-0.260920178158725	0.79415406377273	0.935507377393223
MYD88	0.218909423040195	-0.751612656603478	2.91170105473553	-0.258135242071321	0.796302533758002	0.935507377393223
G2E3	0.235664414866225	-0.751948885101607	3.14737754711337	-0.238912832618781	0.811173174681521	0.935507377393223
TUBGCP4	0.215023334205705	-0.752020693514839	2.92649531585708	-0.256969723969845	0.79720214520378	0.935507377393223
DDX28	0.222514439098811	-0.7521431685553	2.98668998147643	-0.251831684312775	0.801171165853265	0.935507377393223
ECD	0.210936900659919	-0.752366081953325	2.97655780503747	-0.252763806797245	0.800450737648256	0.935507377393223
STXBP1	0.222825580956996	-0.752759273641739	2.994670689741	-0.25136629420407	0.801530924582618	0.935507377393223
SLX4IP	0.244876420464858	-0.752800886275701	3.21307709146552	-0.23429281802023	0.814757661167801	0.935507377393223
MEF2A	0.219746165283047	-0.752913726586678	2.83921537157565	-0.265183731436633	0.790867926833439	0.935507377393223
NHLRC3	0.213934418307494	-0.753128902652019	3.06761879791203	-0.245509286605179	0.806062118500865	0.935507377393223
KCMF1	9.60130989989705	-0.753144746968867	0.73568282863938	-1.02373566114324	0.305960146732975	0.935507377393223
CTNNB1	1.76190443403853	-0.753163943168613	2.65129007786816	-0.284074515065593	0.776353276801056	0.935507377393223
ZNF282	0.201540711465622	-0.753214410548063	2.95880385068687	-0.254567199638194	0.799057395576941	0.935507377393223
DDX5	6.70573096386543	-0.753311349702384	0.955058205947012	-0.788759622200637	0.430252513182587	0.935507377393223
ARHGEF16	0.208384507594359	-0.753480430544093	2.91719840919466	-0.258289058491603	0.79618382991173	0.935507377393223
DDB2	0.225127341623058	-0.753785311727391	2.98575607372414	-0.252460446571978	0.800685183150751	0.935507377393223
EPHA2	0.203388015791214	-0.753904392450427	3.09055017296703	-0.243938570887738	0.807278396088172	0.935507377393223
TIGD6	0.20219027540104	-0.7542403240391	2.90384878786413	-0.259738154132284	0.79506575966263	0.935507377393223
ZNF830	0.221835452063629	-0.754241092515137	2.97010293348982	-0.253944428662921	0.799538490433666	0.935507377393223
MAZ	3.18873728816235	-0.754436771024165	1.25600322742226	-0.600664675498106	0.548063351393078	0.935507377393223
TBX2	1.64512381772401	-0.754939189696382	1.57402229462711	-0.479624203718936	0.631494632732095	0.935507377393223
CTC-524C5.2	0.201839953751585	-0.755322257364663	3.06911744178202	-0.24610405815103	0.805601681726407	0.935507377393223
ZSCAN32	0.222067708058104	-0.755509184104294	3.2257207552134	-0.234214069176088	0.81481879313409	0.935507377393223
ZNF274	0.22016319769745	-0.755723432104868	3.1638252688018	-0.238863833460397	0.811211170569833	0.935507377393223
RN7SL2	0.201188713122378	-0.75602259776424	3.41516970741542	-0.221371897309429	0.824802872321867	0.935507377393223
TEFM	0.212487195916701	-0.756238695104508	3.01446845709367	-0.250869666035125	0.80191487756863	0.935507377393223
PPP3R1	0.210262936758676	-0.756287714771409	2.93791093436475	-0.257423635932972	0.796851758701066	0.935507377393223
SLC29A2	0.221287813500196	-0.756381854083928	3.17442779826476	-0.238273447106716	0.811669014469195	0.935507377393223
RP11-983P16.4	0.210483359462551	-0.757197163747631	2.97635793721885	-0.254403932497167	0.799183513195976	0.935507377393223
FAM220A	0.198237161679133	-0.75741073406825	3.01290855092612	-0.251388557357784	0.801513713623235	0.935507377393223
PAPOLA	8.11969741748742	-0.757739249041975	0.872721083180331	-0.868249047313783	0.385258009047082	0.935507377393223
TMEM69	0.202779321571434	-0.757816380007152	2.83219522994387	-0.267572084012786	0.789028721376889	0.935507377393223
PPP3CB	0.215680119153135	-0.75790041357784	2.83390101585063	-0.267440679592807	0.789129881896428	0.935507377393223
SAP130	0.20943727673228	-0.758259605897404	2.97763656747706	-0.254651495813632	0.798992282058604	0.935507377393223
ARID2	0.223376529773029	-0.758560257097277	3.00791112493534	-0.252188387751511	0.80089545330092	0.935507377393223
SLC4A7	0.244375522066175	-0.758720379588753	3.0881262292734	-0.245689561649581	0.805922553169529	0.935507377393223
HYKK	0.212408465800507	-0.758778819336374	2.98082386205018	-0.254553390086757	0.799068062724122	0.935507377393223
MFHAS1	0.222035191232512	-0.75897695573391	2.93230892940705	-0.25883253572719	0.795764453189737	0.935507377393223
PTCD1	0.219278837085268	-0.75914445012048	2.92330722362223	-0.259686851927877	0.795105335433223	0.935507377393223
INTS8	0.225059527353578	-0.759661089655349	2.91586287272471	-0.260527028469446	0.794457269235541	0.935507377393223
FOXJ3	0.210940493340264	-0.75976500601512	2.82207098897998	-0.269222499711013	0.787758466992097	0.935507377393223
CCDC97	0.227053710688692	-0.759854701283846	2.92950223467421	-0.259380140520135	0.795341951082434	0.935507377393223
CD99P1	0.212350320212792	-0.759926582119212	2.98148511475334	-0.25488189706494	0.798814318648079	0.935507377393223
AQR	0.229761847952291	-0.760044260188846	2.75676043184111	-0.275701962132868	0.782776988456846	0.935507377393223
DIRC2	0.223873170642737	-0.760128138879665	2.87550634662834	-0.264345839393104	0.791513441344388	0.935507377393223
SETD6	0.208221245248365	-0.760237169468832	2.80832235731907	-0.270708655467382	0.786615119207343	0.935507377393223
TMOD2	0.226788400433015	-0.760884824794194	3.23367427819459	-0.235300391856105	0.81397559100255	0.935507377393223
UBA6-AS1	0.218110143163627	-0.761536971926892	2.9338136257359	-0.259572375438767	0.795193647287209	0.935507377393223
CYFIP1	0.210729736677933	-0.761573658105963	3.05739645497751	-0.249092215982034	0.8032894504777	0.935507377393223
KIAA1279	0.220813492724011	-0.761973968780816	2.90677373468125	-0.262137351693242	0.793215550857713	0.935507377393223
PPP1R15B	0.212426784491992	-0.762303844769332	2.81260290708846	-0.271031450208679	0.786366843464219	0.935507377393223
BTN2A1	0.22479885881375	-0.762365518714164	2.9107331979474	-0.261915286241889	0.793386754187611	0.935507377393223
ZYG11B	0.216964972707386	-0.762490508023054	2.89907167814894	-0.263011954402557	0.792541365132116	0.935507377393223
MBD2	0.208246328503852	-0.762959339904683	2.89918200935805	-0.263163657004626	0.79242444125634	0.935507377393223
PPP1R2	3.31622042603001	-0.763575587447247	1.138226258779	-0.670846926573588	0.502318049499954	0.935507377393223
CLSTN1	0.20304304372265	-0.763667037740045	2.89445328085396	-0.263838094327347	0.79190467925283	0.935507377393223
CLASP1	0.205239409724839	-0.764519498056536	2.88141298000944	-0.265327984346774	0.790756808423278	0.935507377393223
CIC	0.211322391053964	-0.764581987277486	2.87841837351463	-0.265625731934135	0.790527466095577	0.935507377393223
TTLL5	0.217836768983561	-0.764727737079073	2.86676380263017	-0.266756450732864	0.789656686790336	0.935507377393223
TOMM34	1.67143360780754	-0.764819445026957	1.59272800230265	-0.480194637076284	0.631088999874421	0.935507377393223
RTN2	0.213749395772995	-0.764886422078376	2.99468841045018	-0.255414359440285	0.798403081277779	0.935507377393223
DLGAP1-AS1	0.208999060742141	-0.765721657379117	2.98486869056676	-0.256534453190209	0.797538180479542	0.935507377393223
POC1B	0.196387229033747	-0.76590575097489	2.71161849082439	-0.282453358968664	0.777595905249198	0.935507377393223
CMTM4	0.220216361236878	-0.766436363613677	3.13899174823991	-0.244166415551564	0.80710193649199	0.935507377393223
RAB10	6.5474087877325	-0.766602082908175	0.862070599336072	-0.889256730827588	0.373865120024061	0.935507377393223
EFCAB11	0.211462159889951	-0.766622618444223	2.88144795550828	-0.266054646928021	0.790197122970604	0.935507377393223
LENG8	0.201006794251348	-0.766691096965546	2.99216626690653	-0.256232785405403	0.797771094348768	0.935507377393223
RP11-352M15.2	0.209495341877623	-0.767233347596578	2.92803509703214	-0.262030106255983	0.793298231435273	0.935507377393223
UHRF1BP1L	0.227319257413756	-0.767678921547519	2.88449892274922	-0.266139437769608	0.790131822949079	0.935507377393223
GUSBP3	0.249687114999059	-0.76782628663949	2.85299119968578	-0.269130268163482	0.787829438813764	0.935507377393223
VPS11	0.232165110431788	-0.768021726140083	2.94839270501878	-0.26048827377464	0.794487159368778	0.935507377393223
PRPF40B	0.222942756900649	-0.768144251656346	2.88587195636291	-0.266174058749455	0.790105160696814	0.935507377393223
DAG1	0.211679937380246	-0.768198285071745	2.84147354479262	-0.270352080694036	0.786889401890025	0.935507377393223
ZNF706	9.74308988515537	-0.768387425536638	0.705578895190304	-1.08901701960543	0.2761463804192	0.935507377393223
HOMEZ	0.216176550275871	-0.768531235322198	2.86336359502819	-0.268401552864833	0.788390244339173	0.935507377393223
VAPA	4.9727180601122	-0.768542741557367	0.98765463125135	-0.778149281377469	0.436481012798557	0.935507377393223
AC092839.1	0.218840642565203	-0.768771878014197	2.86908883143258	-0.267949834662434	0.788737933226329	0.935507377393223
BRPF1	0.21313938380155	-0.76889532426578	2.88001807993252	-0.26697586713893	0.78948774213229	0.935507377393223
B3GALNT2	0.222903687482104	-0.769344276598295	2.88874479983759	-0.26632476383568	0.789989102805728	0.935507377393223
B3GNT2	0.229516871479821	-0.769368542934417	3.08508008133068	-0.249383653795647	0.803064028180255	0.935507377393223
SRD5A1	0.222070973086689	-0.769725668333684	2.85891367101122	-0.269237114830902	0.787747220875199	0.935507377393223
GDF11	0.213864456557419	-0.769848456142006	2.97140981517996	-0.259085250445462	0.795569464794056	0.935507377393223
RBM12	0.221245364153144	-0.770163469300967	2.82862252619234	-0.272275095799968	0.785410503772937	0.935507377393223
QDPR	0.225026619442402	-0.770462164967605	3.12057575966907	-0.246897439544717	0.804987597945657	0.935507377393223
GCFC2	0.228191285837096	-0.77069151942929	2.89598550274992	-0.266124094439516	0.790143639207871	0.935507377393223
HSP90AB1	32.2191120380545	-0.770931629568205	0.830930939387164	-0.927792663656007	0.353515130300972	0.935507377393223
NFATC3	0.225656846326922	-0.771059543856433	2.80605184944369	-0.274784496234201	0.783481809977738	0.935507377393223
ZNF140	0.203821202981769	-0.771628007543018	2.90158965171485	-0.265932850665835	0.790290924576497	0.935507377393223
CBFA2T2	0.244947911671466	-0.771866352172766	2.91479262163651	-0.264810040495917	0.791155801747965	0.935507377393223
DCBLD2	0.224017900108873	-0.77206154876692	2.77299636308286	-0.278421406910388	0.780688888568937	0.935507377393223
ODC1	6.47985332697583	-0.772089823956132	0.959670399597692	-0.804536457808643	0.421087222733778	0.935507377393223
DMXL1	0.219391833492212	-0.772208969086021	2.89266784109623	-0.266953902593039	0.789504653788917	0.935507377393223
PIH1D1	1.69290771811971	-0.772396066694041	1.55684045068737	-0.496130522786079	0.61980232557433	0.935507377393223
MYL5	0.208422162788723	-0.772415525632691	2.93287578406722	-0.263364554963024	0.792269607537326	0.935507377393223
ZBTB11-AS1	0.217882988516759	-0.772517535152853	2.8433319958623	-0.271694454350404	0.785856965739477	0.935507377393223
WDR4	0.220107648024663	-0.772812504488881	2.98022374776038	-0.25931358511912	0.795393298412919	0.935507377393223
CCDC14	0.237257511967736	-0.773072259112414	2.90326023266133	-0.2662772873115	0.790025663944358	0.935507377393223
NELFE	3.3555979266193	-0.773093035660603	1.17933038095332	-0.655535588793759	0.512122980659044	0.935507377393223
IRGQ	0.209952867763369	-0.773510564949667	2.80090277375506	-0.276164732384713	0.782421543733361	0.935507377393223
NIN	0.219866758951296	-0.773868434928999	2.84235034642218	-0.272263563815456	0.785419370163527	0.935507377393223
ARF6	3.40877443606184	-0.774314972298555	1.13230176852095	-0.68384152866774	0.49407523965912	0.935507377393223
RRM1	0.216010930867597	-0.774894672943101	2.87797400036665	-0.269250060231392	0.787737259619447	0.935507377393223
CSTF2	0.234469350015324	-0.774932949173094	3.00485376912296	-0.257893730848433	0.796488923310356	0.935507377393223
PRSS16	0.209559660085387	-0.775191750197467	3.02991132296691	-0.255846349139483	0.798069483187934	0.935507377393223
DVL1	0.212754206428258	-0.775275892215645	2.91774959304286	-0.265710222036952	0.790462390258689	0.935507377393223
KLC4	0.218075566269916	-0.77563135794983	2.91700575294956	-0.265899838272703	0.790316349652637	0.935507377393223
SLC25A53	0.211233548413485	-0.776318712193953	3.05404844430753	-0.254193319572563	0.799346211358128	0.935507377393223
FAUP1	0.200933744492658	-0.776769509701823	2.9440436071645	-0.263844430772529	0.79189979644487	0.935507377393223
PPP3CC	0.217683958528092	-0.776956317604092	2.81054627573482	-0.276443168472988	0.782207704335638	0.935507377393223
ZNF260	0.208960244462412	-0.777082575988068	3.01355683351174	-0.257862260086372	0.796513212151757	0.935507377393223
ZNF629	0.232137032249504	-0.778443080662207	2.79921706119331	-0.278093146635208	0.780940856520422	0.935507377393223
BTRC	0.214608991229702	-0.778499778729789	2.8542889630662	-0.272747359781503	0.785047426543004	0.935507377393223
UGGT1	0.224704313168803	-0.778800453869114	2.81393206535777	-0.276765904712805	0.781959862941167	0.935507377393223
FKBP11	0.204224704274558	-0.77880440132706	2.88186505640964	-0.270243188380698	0.786973168768476	0.935507377393223
SUGP1	0.224168747999288	-0.779005815468393	2.86324589136764	-0.272070875161999	0.785567523358564	0.935507377393223
ZNF672	0.222171941315066	-0.779120900192175	2.92834394398601	-0.266061950063028	0.790191498544892	0.935507377393223
ENOX2	0.225371635382741	-0.779543716386505	2.87429518076903	-0.27121212936033	0.78622788459991	0.935507377393223
TMEM39A	0.232531086981606	-0.779575368573388	2.80980292404062	-0.277448415297513	0.781435810123644	0.935507377393223
TRIM52-AS1	0.213151836036896	-0.779579605252255	2.95847324625406	-0.263507404111002	0.792159517499891	0.935507377393223
LRP11	0.225335606751443	-0.779652311071506	2.86557375872803	-0.272075464362703	0.78556399475355	0.935507377393223
HAUS1	0.231429267527187	-0.779898940243387	2.96112164267245	-0.263379568405545	0.792258036881837	0.935507377393223
GTPBP8	0.224363509989593	-0.780022180499274	2.85708128980515	-0.273013646227921	0.784842725752225	0.935507377393223
OCEL1	0.232057434694349	-0.780081932839596	2.74415598247437	-0.284270259351732	0.776203275972479	0.935507377393223
ZNF160	0.221489226784268	-0.780365561116374	2.88759911065061	-0.270247195408143	0.786970086264961	0.935507377393223
KAZN	0.216274214482022	-0.78060759505032	3.06651439478147	-0.254558594728511	0.799064042409584	0.935507377393223
BEND6	0.21694616210284	-0.780887162607585	2.85248496016663	-0.273756802756979	0.784271522228617	0.935507377393223
LNPEP	0.225418939750213	-0.781150521458144	2.78436037289143	-0.280549360299563	0.779056061188713	0.935507377393223
FAM120B	0.218806425043837	-0.781154869679479	2.84775529708559	-0.274305475080291	0.783849877322327	0.935507377393223
RBAK	0.216014500649099	-0.781812482981742	2.91224137936523	-0.268457308697451	0.788347331824814	0.935507377393223
LNX2	0.221156264637435	-0.781813649390109	2.92159285048905	-0.267598426406075	0.789008442348525	0.935507377393223
ZBTB4	0.222747187369003	-0.781853982259004	2.85415358077816	-0.273935497908924	0.784134191227096	0.935507377393223
MTO1	0.229237620913336	-0.78210508149806	2.77962746444362	-0.281370468346056	0.778426266365395	0.935507377393223
RIPK4	0.227389969707466	-0.782491659924123	2.8754345324672	-0.272129881966995	0.785522153765908	0.935507377393223
MYNN	0.224367743608677	-0.782519842693131	2.80463162495411	-0.279009847757078	0.780237267339822	0.935507377393223
MICB	0.235080011643988	-0.782603862906377	2.90448908764741	-0.269446308555517	0.787586254273353	0.935507377393223
ARFGEF1	0.241219752185401	-0.783046982723823	2.77205384219042	-0.282478994746031	0.777576250794673	0.935507377393223
CSPP1	0.249783303722416	-0.783719381225369	2.88912852457255	-0.271264976465981	0.786187241608161	0.935507377393223
AHR	0.223632167975866	-0.783768156007888	2.95233057811962	-0.265474388883335	0.790644036957953	0.935507377393223
PPP2R5D	0.218405342317332	-0.783888924462037	2.8101322923675	-0.278950897290896	0.780282507769915	0.935507377393223
PAK1IP1	0.24246190494668	-0.783905481841754	2.90276648225696	-0.270054613980609	0.787118237995468	0.935507377393223
ARPC1A	6.55622012340787	-0.7841063719687	0.882478189039618	-0.888527763866919	0.374256928186532	0.935507377393223
RP11-69L16.5	0.19777267280393	-0.784422158735267	2.82993540376152	-0.277187301764069	0.781636289494745	0.935507377393223
WDR36	0.220733062705633	-0.784808769871208	2.68737182229614	-0.292035796222889	0.770259254893224	0.935507377393223
DOCK6	0.218912363265129	-0.785110465939451	2.78632850786592	-0.281772398237699	0.778118036728456	0.935507377393223
MTURN	0.203051186798542	-0.785149532482202	3.20895999063081	-0.244674142019409	0.80670875125005	0.935507377393223
RAP2A	0.216338689210693	-0.785263041667632	2.81068750821455	-0.279384684128923	0.779949623607361	0.935507377393223
HENMT1	0.211657729555303	-0.785645373532632	2.6608302316611	-0.295263246855914	0.767792790321256	0.935507377393223
R3HDM2	0.248319421221081	-0.785939083935633	2.99539289288648	-0.262382636281904	0.793026458111462	0.935507377393223
ZBTB22	0.2284184556685	-0.786204161393499	2.74680401786603	-0.286225066033031	0.774705746561516	0.935507377393223
ZNF174	0.211819552371708	-0.78629007144601	2.87709798956691	-0.273292767329196	0.784628174628382	0.935507377393223
KANSL1	0.227239017463447	-0.786533075690519	2.75925547709416	-0.285052646346048	0.775603808300331	0.935507377393223
HMGA1	9.62200186702638	-0.786550551902472	0.766861620142477	-1.02567468659644	0.305044949963612	0.935507377393223
LYPD3	1.69790116088353	-0.787116976984567	1.79839555519518	-0.437677336729818	0.66162020047914	0.935507377393223
FAM73B	0.225563340788917	-0.787787033662413	2.81676383948105	-0.279678055582946	0.779724515825514	0.935507377393223
HIBADH	0.219425193659274	-0.788390653693593	2.77941879564549	-0.283653062621856	0.776676268382767	0.935507377393223
DUS1L	1.61777088489574	-0.788692933652691	1.5591780300318	-0.505838921830246	0.612969732564909	0.935507377393223
ADA	0.21518674220572	-0.788694053445017	2.79656333513547	-0.282022596640677	0.777926183669621	0.935507377393223
HOXA5	0.233033174550075	-0.788973796638444	3.16885929897238	-0.248977225620051	0.803378398111896	0.935507377393223
ELL	0.227164148881186	-0.789288898286822	2.67430877361201	-0.295137534631344	0.767888817606678	0.935507377393223
CHD9	0.235154531215014	-0.789504289077123	2.96402661810285	-0.266362077943298	0.789960367954521	0.935507377393223
SYNCRIP	1.7323759701629	-0.789819294988325	1.59397589036079	-0.495502660839841	0.620245344238328	0.935507377393223
SDHAF2	1.70703595422667	-0.790047466146057	1.51351920016778	-0.52199368601236	0.601674726763573	0.935507377393223
SLC38A10	0.225780522631936	-0.790338927836623	2.82792332153382	-0.279476788432847	0.779878948773559	0.935507377393223
WDFY1	0.213569409206291	-0.790424767183716	2.72086512849117	-0.290504942309301	0.771429970319237	0.935507377393223
CHRNB1	0.218236769604396	-0.790557148358158	2.88325259230778	-0.274189347984038	0.7839391136372	0.935507377393223
MAU2	0.220203626830731	-0.790636461844525	2.76385410118261	-0.286063023915128	0.774829851281799	0.935507377393223
SGCG	0.20886234239695	-0.791242259366265	2.99371500107759	-0.264301130562347	0.791547889182224	0.935507377393223
CAT	0.235234904733162	-0.791534633302916	2.98372778760319	-0.265283795858184	0.79079084648482	0.935507377393223
ATP1B1	1.81067544209605	-0.791836393223256	1.79149381925143	-0.441997837064333	0.658490771095634	0.935507377393223
DNAJC11	0.230599634761115	-0.791922529419136	2.72788214767639	-0.290306723878704	0.771581595336236	0.935507377393223
TNRC6C	0.2271383599673	-0.791987694359785	2.87159910952788	-0.275800229820379	0.782701507184762	0.935507377393223
SUCLG2	0.232926784888347	-0.792011215398147	2.75812746789872	-0.287155406925968	0.773993329116391	0.935507377393223
EPS15	0.226643515952709	-0.792304251275386	2.86609416369029	-0.276440411942098	0.782209821275492	0.935507377393223
MBD6	0.227615070260702	-0.792353311315208	2.73926446894092	-0.289257689536475	0.772384187815735	0.935507377393223
GRPEL2	0.218476200242136	-0.793000256100776	2.91406438024461	-0.272128598625611	0.785523140503261	0.935507377393223
UBP1	0.231980483801502	-0.793291690693654	2.7388876963471	-0.289640094317004	0.772091590301317	0.935507377393223
ACSF3	0.227417424846154	-0.793620014982508	2.85792504823265	-0.277690982649557	0.78124958326728	0.935507377393223
IQCK	0.230909277506445	-0.79404668074301	2.84990731721839	-0.278621931297762	0.78053498020932	0.935507377393223
ENOSF1	0.23389978473534	-0.794248034094589	2.72970153305764	-0.29096515662096	0.771077968099841	0.935507377393223
RUFY1	0.242269044671171	-0.794503785445511	2.7395237809588	-0.290015290601874	0.771804539872159	0.935507377393223
C11orf68	0.207241373442059	-0.794643994860295	2.7693998011378	-0.286937261472257	0.774160359027648	0.935507377393223
SBF2	0.221322646295975	-0.795217147680879	2.87288351345343	-0.276801041168901	0.781932881660187	0.935507377393223
PIK3R1	0.225643472578642	-0.795240887333468	2.78907702941001	-0.285126900027458	0.775546921808246	0.935507377393223
CDH3	0.22897842882169	-0.795250232457539	2.78501829848699	-0.285545783627192	0.775226033439076	0.935507377393223
NUP188	0.220770484628693	-0.79544027698799	2.9071034646921	-0.273619527701343	0.784377025573682	0.935507377393223
UFL1	0.25299229069794	-0.795608370846899	2.83822719181377	-0.280318775446043	0.779232947273192	0.935507377393223
ANKRD26	0.24242346787099	-0.795630945331662	2.93296622816339	-0.271271771795982	0.786182015582938	0.935507377393223
DCUN1D4	0.219938592649548	-0.795780221989359	2.83733533048495	-0.280467456010336	0.779118890237359	0.935507377393223
ITFG2	0.226147072992604	-0.79579280062272	2.93287300149554	-0.271335581260056	0.786132942664476	0.935507377393223
STK10	0.238779198440167	-0.796195998003503	2.86084556564926	-0.278307926706561	0.780775991767763	0.935507377393223
IVNS1ABP	0.245059580717426	-0.796309935998192	2.91507785358505	-0.27316935464309	0.784723035845531	0.935507377393223
GPATCH1	0.234091365920636	-0.796551843627065	2.88821128869556	-0.275794172934911	0.782706159534062	0.935507377393223
ANKS1A	0.226547281295111	-0.796770737179315	2.73053674453662	-0.291800042161501	0.770439513001445	0.935507377393223
CCDC93	0.240212216896033	-0.79696912635522	2.98429049399481	-0.267054808490974	0.789426961861095	0.935507377393223
CEPT1	0.242587128715709	-0.798195786983986	2.89524376976749	-0.275692083450399	0.7827845765731	0.935507377393223
GAS2L1	0.214115377248217	-0.798225843375667	2.92032621814024	-0.273334478325509	0.784596114175484	0.935507377393223
YBEY	0.228839744964802	-0.798322761751738	2.86279517953274	-0.278861291740067	0.780351275294804	0.935507377393223
CDKN2AIP	0.239482415262049	-0.798511112483363	2.82443940990871	-0.282714902533233	0.777395391541136	0.935507377393223
NXT2	0.23377765537521	-0.798972290724342	2.74906722746644	-0.290633958581173	0.771331285425847	0.935507377393223
THOC3	0.221337255465026	-0.799212096217626	2.77654058367903	-0.287844557690072	0.773465727981338	0.935507377393223
PLA2G16	1.63144726554905	-0.799516957004132	1.66897997950638	-0.479045265264716	0.63190642701775	0.935507377393223
MBD3	0.228838407699416	-0.799686359203902	2.68280406955337	-0.298078554553942	0.76564320898316	0.935507377393223
RSPH3	0.216544639340168	-0.800085794020656	2.75927454256926	-0.289962372963318	0.771845023538855	0.935507377393223
MUL1	0.23533224605597	-0.800145904537171	2.82351040723062	-0.283386915269768	0.776880257564803	0.935507377393223
AC018816.3	0.216769066931776	-0.800161304996384	3.01416055919736	-0.265467379484741	0.790649436008735	0.935507377393223
GPR180	0.222841080733258	-0.800285407943999	2.84392727324953	-0.281401502588206	0.778402465765375	0.935507377393223
FBXL3	0.247375972535446	-0.800300694136305	2.78224534659201	-0.28764562230883	0.773618018511946	0.935507377393223
RABEP1	1.72405290090813	-0.800731653100248	1.54286869935904	-0.518988850725211	0.60376851618885	0.935507377393223
KIAA0196	0.230121976856998	-0.800834659322707	2.81322867801106	-0.284667458988401	0.775898923526136	0.935507377393223
CPSF1	0.208307357854921	-0.80122711923753	2.78850940665317	-0.287331689585075	0.773858360410604	0.935507377393223
CLEC11A	0.213172905944516	-0.801399522265376	2.90243530364091	-0.27611279440409	0.782461434012571	0.935507377393223
CWF19L1	0.240234042003476	-0.80187401169375	2.68564539785603	-0.298577769177529	0.765262229736672	0.935507377393223
C1orf216	0.231498233981488	-0.80189523694317	2.82788347452758	-0.283567284213198	0.776742011738294	0.935507377393223
SLC39A13	0.221003793938511	-0.801931085007594	2.78517144846267	-0.287928804329168	0.77340123747961	0.935507377393223
ZNF880	0.22322222641494	-0.802304650224073	2.88415215092642	-0.278176950535139	0.780876527642714	0.935507377393223
NKX2-8	0.209474387196606	-0.802367671711558	2.86546607281733	-0.280012972173378	0.779467552491819	0.935507377393223
KIAA0355	0.224669429465363	-0.80289312720761	2.81866400322988	-0.284848824225797	0.775759964664381	0.935507377393223
TMEM191A	0.214420539938013	-0.804326770152634	2.80532160415547	-0.286714638692833	0.774330827923265	0.935507377393223
FAM98B	0.2334600986025	-0.804528513558153	2.63005015487778	-0.305898544203063	0.759681894422325	0.935507377393223
MTMR2	0.231148612404381	-0.804671707193164	2.74490150405561	-0.293151395780233	0.769406433317723	0.935507377393223
PILRB	0.236520557665163	-0.804801046911199	2.85085057765668	-0.282302079673612	0.777711891055336	0.935507377393223
CTR9	0.239515170303969	-0.804849434107916	2.80219514027711	-0.287221051289213	0.773943068497588	0.935507377393223
SLC38A7	0.242543261649975	-0.804945355137253	2.75853761566263	-0.291801478641029	0.77043841462827	0.935507377393223
RP11-262D11.2	0.2076744927829	-0.80513546980944	2.78901856297629	-0.288680570469292	0.77282583249089	0.935507377393223
TCF25	3.50138003870272	-0.806072755476326	1.2129203802554	-0.664571861927651	0.50632437147681	0.935507377393223
ZFYVE16	0.240699508275394	-0.806251602380385	2.63147378222204	-0.306387853007443	0.75930935584295	0.935507377393223
MIF4GD	0.239804563681206	-0.806469254517982	2.84945291573438	-0.283025997750215	0.777156908112307	0.935507377393223
NFKBIZ	0.245962094514849	-0.806611489801011	3.0680076910629	-0.262910517516194	0.792619549610131	0.935507377393223
ABL1	0.233879084355479	-0.806683635543973	2.68066542970497	-0.300926638067159	0.763470437022332	0.935507377393223
SRRM3	0.232982267810466	-0.806972228999849	2.76869088079197	-0.291463461883119	0.770696884559765	0.935507377393223
SPRED2	0.209873641981613	-0.807114915144629	2.78989703351059	-0.289299176797582	0.772352442218048	0.935507377393223
CPT2	0.236373292688463	-0.807142108764313	2.77976871498241	-0.290363045102989	0.771538512145097	0.935507377393223
SNHG10	0.221801160902249	-0.807215319284675	2.63914492108676	-0.305862445383362	0.759709380713518	0.935507377393223
MYPOP	0.21187834882405	-0.807525422108313	2.9259707374128	-0.275985474421505	0.782559222861367	0.935507377393223
UBA3	0.242778257687244	-0.808510300373341	2.74147128107656	-0.294918391432444	0.768056222148365	0.935507377393223
PDCD4	0.229542701030272	-0.808960122456825	2.82452112248063	-0.286406115365268	0.774567091415671	0.935507377393223
EHBP1L1	0.23056956017283	-0.809301756134244	2.86109302209914	-0.282864538091974	0.777280679343425	0.935507377393223
ETNK1	0.247791813880858	-0.809692007147524	2.70531829504853	-0.299296392823528	0.76471390663305	0.935507377393223
EFTUD1	0.244017722849911	-0.81007227603465	2.79270544222243	-0.290067210020544	0.771764820479064	0.935507377393223
TAOK2	0.220805634337157	-0.810178621620639	2.74448482926883	-0.295202441267086	0.767839237193982	0.935507377393223
PERP	3.3853779215008	-0.810239759412617	1.19721985317253	-0.676767727552757	0.498553337240819	0.935507377393223
ARNT2	0.242346964005134	-0.810249663834201	2.80979063443149	-0.288366561517186	0.773066161105637	0.935507377393223
XPNPEP1	0.232094395098422	-0.810662669442386	2.68530296574521	-0.301888717877842	0.762736896582592	0.935507377393223
MAGI3	0.235304938536028	-0.810836018393018	2.80459981529272	-0.28910934600072	0.772497701780229	0.935507377393223
ZFC3H1	0.258658289974401	-0.810862960974302	2.65321867970763	-0.305614824430399	0.759897931944069	0.935507377393223
PEX2	0.240568741148823	-0.81146312832211	2.80486186918187	-0.28930591457568	0.772347286580026	0.935507377393223
THRB	0.214822988540068	-0.811540318687188	2.85554663874606	-0.284197886203517	0.776258735276599	0.935507377393223
AC012146.7	0.216442677827843	-0.811576447954876	2.96175741580331	-0.274018541702462	0.78407037260405	0.935507377393223
QTRTD1	0.24637934761398	-0.811622212137996	2.68489075641414	-0.302292452755871	0.762429131214623	0.935507377393223
SCAMP1	0.244404135827252	-0.81163943082509	2.83391517867691	-0.286402160845205	0.774570119875633	0.935507377393223
SMG9	0.243780936441924	-0.812247317788345	2.76773591330022	-0.293469949168608	0.769162965893154	0.935507377393223
ATAD2B	0.237107555883801	-0.812350714953488	2.80321754836062	-0.289792247993227	0.771975178728353	0.935507377393223
RPL24P8	0.212716247489351	-0.812371833161254	2.90241562199249	-0.279895073264374	0.779558007182812	0.935507377393223
ACAP3	0.235748574054884	-0.812465715299202	2.86452439232305	-0.283630231069639	0.776693767068969	0.935507377393223
ZC3H12A	0.222472943081026	-0.812488827118563	2.67513332117205	-0.303719003717762	0.76134197865141	0.935507377393223
NEK3	0.232975220863525	-0.812555333968797	2.79771721324318	-0.290435119790704	0.771483379294154	0.935507377393223
ARHGEF12	0.25883236348197	-0.812679731832624	2.73293948030071	-0.297364701154379	0.766188089841752	0.935507377393223
NFKBIE	0.230884217156186	-0.812706086763238	2.71761563954128	-0.299051151656022	0.764901016928014	0.935507377393223
TRIOBP	0.221688896847126	-0.812876404132151	2.92960700690331	-0.277469436076817	0.781419671290589	0.935507377393223
C3orf52	0.240047270033479	-0.813443985804114	2.93081196672946	-0.277549018851539	0.781358571976937	0.935507377393223
NSUN4	0.237474695956931	-0.813618290741246	2.71443047384266	-0.299738121341327	0.764376918125833	0.935507377393223
RP11-104N10.2	0.252247489783258	-0.813794504484093	2.73436811309739	-0.29761702551536	0.765995478642644	0.935507377393223
CANX	3.50621691879403	-0.814149310346201	1.21715467171248	-0.668895522703562	0.503562126485616	0.935507377393223
RPAP2	0.233356299808769	-0.815000486885537	2.85383078502142	-0.285581223372857	0.775198886363168	0.935507377393223
COX15	0.225392178447736	-0.815156372276984	2.65510920557824	-0.307014254089581	0.758832522646551	0.935507377393223
HINFP	0.241092746956369	-0.815266830856624	2.65293076432027	-0.307307993793615	0.75860895172618	0.935507377393223
AASDHPPT	0.245689893489653	-0.815383954354614	2.83157278942885	-0.287961502313731	0.773376207710434	0.935507377393223
LPHN1	0.232039811054333	-0.81555690307984	2.77077002249409	-0.294343051375199	0.768495778652591	0.935507377393223
FAM195B	0.226541547731773	-0.815775654595721	2.9216569929437	-0.279216778891553	0.780078467811412	0.935507377393223
PATZ1	0.234039413828177	-0.816192775633734	2.67247728143369	-0.305406815355929	0.760056331697253	0.935507377393223
NDUFA11	4.95849377106154	-0.816229750341771	0.901383964800178	-0.905529477133216	0.365184950921143	0.935507377393223
GCC1	0.237642407026738	-0.816645285256965	2.74183465355517	-0.297846292152618	0.76582048104325	0.935507377393223
EXOC6B	0.238642374446405	-0.816923890174933	2.76247479678215	-0.295721753236092	0.767442583135904	0.935507377393223
RAB3GAP2	0.235403545608447	-0.817381565518553	2.68628002526643	-0.304280104021354	0.760914501664603	0.935507377393223
RC3H1	0.254049282943128	-0.817466475987876	2.63331031810734	-0.310433020509113	0.756231686847291	0.935507377393223
PAM	0.235511065194727	-0.817922790833168	2.71427018716213	-0.301341699401096	0.76315394626166	0.935507377393223
SFT2D2	0.226551254449643	-0.818096024173603	2.72111279082558	-0.300647597898871	0.763683231741889	0.935507377393223
ZNF43	0.239986561435218	-0.818116121188395	2.90197285873266	-0.281917220116828	0.778006985127606	0.935507377393223
IL17RA	0.230120097207051	-0.818372871234534	2.653235499222	-0.308443359616778	0.757744992935475	0.935507377393223
MADD	0.221389069761627	-0.818697902281578	2.78345660855357	-0.294129931742322	0.768658619732264	0.935507377393223
ERF	0.230906844203146	-0.818977295815015	2.83944538651636	-0.288428613455319	0.773018667560538	0.935507377393223
P4HA1	0.241150122096522	-0.819136336589366	2.7346816051523	-0.29953627327074	0.764530899663418	0.935507377393223
F12	0.226134113762138	-0.819136529730159	3.0549582685021	-0.268133459686111	0.788596591401347	0.935507377393223
DENND5A	0.22631632323981	-0.819255234027363	2.71721996434836	-0.30150493694898	0.763029485919678	0.935507377393223
HAUS2	0.238222293169139	-0.819614223540391	2.70810427372568	-0.302652387314764	0.762154786309097	0.935507377393223
HRK	0.253892135582981	-0.819694259038807	3.06297457575499	-0.267613797883635	0.788996609069512	0.935507377393223
RP11-452N17.1	0.221491461522963	-0.81987972012446	2.69495823851991	-0.304227244936731	0.760954769502774	0.935507377393223
POLK	0.235785537391784	-0.820237785812411	2.66334621311946	-0.307972648006473	0.758103145182256	0.935507377393223
DNAJC19	1.69504390950216	-0.820288197523458	1.53409171076447	-0.534706101185236	0.592853101907603	0.935507377393223
SCARB2	1.72177358902529	-0.820471503821742	1.58570357466149	-0.517417956881943	0.604864427179772	0.935507377393223
HOXB7	0.235471988036258	-0.821175188171007	2.84081346081693	-0.289063396628253	0.772532863689512	0.935507377393223
AKAP11	0.238019710224364	-0.821404100836095	2.82447417647159	-0.290816643918556	0.771191555249563	0.935507377393223
VPS33A	0.236710378610025	-0.821415265835716	2.7449347040618	-0.299247652273926	0.764751092847001	0.935507377393223
USP33	0.256042503582417	-0.821691562981019	2.71894572968625	-0.302209622652467	0.762492269186729	0.935507377393223
PRR3	0.243635660552529	-0.822179012544543	2.89070355235917	-0.284421767107023	0.776087179775408	0.935507377393223
RP11-425L10.1	6.3868918864386	-0.822212272598946	0.766169487304525	-1.07314672043595	0.283205291479456	0.935507377393223
PIGQ	0.238693752787512	-0.822466105878268	2.81603758582607	-0.292065031382385	0.770236902486414	0.935507377393223
WHSC1	0.24575081485357	-0.822831204158518	2.75611999292598	-0.29854694507875	0.765285751726446	0.935507377393223
ZNF431	0.248663379278004	-0.823256994993646	2.70673271601764	-0.304151566248805	0.761012422350215	0.935507377393223
CASC3	0.241624796679145	-0.823411404821531	2.77757107444448	-0.296450165541206	0.766886319459167	0.935507377393223
BTG3	0.247929631673582	-0.82407079593429	3.03440852244619	-0.271575428897743	0.785948494498961	0.935507377393223
CLK4	0.238408640956645	-0.824154281256392	2.82418310250662	-0.291820413671093	0.77042393640782	0.935507377393223
TTC3	1.75574242631554	-0.824512538141064	1.56133497907897	-0.528081769248161	0.597442583639064	0.935507377393223
PPL	0.240529172268886	-0.824930926943399	2.78416090271996	-0.296294271691514	0.767005360191778	0.935507377393223
EFNA3	0.235754339460208	-0.82515977673262	2.65818046864696	-0.310422782224653	0.756239471545032	0.935507377393223
HGH1	0.243267310609129	-0.825425273755071	2.82850252551593	-0.291824124712249	0.770421098857828	0.935507377393223
RNASEH1-AS1	0.241912004984752	-0.826716915004916	2.80056997874712	-0.295195949852594	0.767844195766106	0.935507377393223
MYO1D	0.2413321952506	-0.826928858524885	2.77184085335795	-0.298332011927417	0.765449774066795	0.935507377393223
DCUN1D5	1.77081539455276	-0.826950622776436	1.55037420759667	-0.533387758080896	0.59376518996284	0.935507377393223
BCL9L	0.244877192658288	-0.827187939006745	2.82703946105658	-0.292598653256008	0.769828943286255	0.935507377393223
KIAA0319L	0.25646917366399	-0.827362773603655	2.65680300156512	-0.311412917373346	0.75548673514253	0.935507377393223
WDR70	0.249975322597345	-0.8274509639974	2.64985293015294	-0.312262976779486	0.754840674480028	0.935507377393223
LAS1L	0.255986466653048	-0.828121373807834	2.72960806147165	-0.303384718669595	0.76159668997602	0.935507377393223
HOXC9	0.236305572333641	-0.828184315930461	2.89993860610481	-0.285586844558366	0.775194580523715	0.935507377393223
FH	0.247597938754563	-0.828201803915702	2.81391611877673	-0.294323557972915	0.768510672804761	0.935507377393223
TBX3	0.255303850887439	-0.828555091472681	2.80256704757326	-0.295641487753211	0.767503886487286	0.935507377393223
STRN	0.238498258792465	-0.828914249518675	2.75616007842348	-0.300749675611299	0.763605385686966	0.935507377393223
CALCOCO1	0.235103028733858	-0.829007324840324	2.77742992501084	-0.298480014698153	0.765336827305703	0.935507377393223
POMGNT2	0.248715342449743	-0.829081157604132	2.78804965329384	-0.297369581142374	0.766184364577465	0.935507377393223
TBC1D12	0.248357258710872	-0.829269801799064	2.69620462462718	-0.307569312145116	0.758410074280589	0.935507377393223
RREB1	0.274945748567939	-0.829314234581542	2.75016785991251	-0.301550405947921	0.762994819207243	0.935507377393223
DUSP1	1.7340906656568	-0.829319752506332	1.87240108967392	-0.442917789932904	0.657825199243235	0.935507377393223
RPUSD4	0.229547514339392	-0.829337555606869	2.68385213993537	-0.309010151217511	0.757313804922732	0.935507377393223
AGPAT1	0.219234726510067	-0.829465789833996	2.76078198878257	-0.300445958139479	0.763837012386118	0.935507377393223
SMCO4	0.229098561745653	-0.82979724343637	2.91587176057253	-0.284579471105903	0.775966340882308	0.935507377393223
CDKN2D	0.240618262842918	-0.829922066699999	2.86952916098619	-0.289218899735723	0.772413869690926	0.935507377393223
HES6	0.251435696321249	-0.830645236633097	2.8293690789418	-0.293579668631907	0.769079113585032	0.935507377393223
SULT2B1	0.23363464456287	-0.830832381962501	3.35574938035355	-0.247584753148332	0.804455708733527	0.935507377393223
RP11-114H7.1	0.215793614537806	-0.831027231670965	2.7411166533549	-0.303171056457541	0.761759505243001	0.935507377393223
CDC25B	0.228996892785929	-0.832151605388679	2.76719503748325	-0.300720257920641	0.763627819831407	0.935507377393223
SOX2	0.242612929267197	-0.832526925318416	3.57809667740199	-0.232673122159154	0.816015241856487	0.935507377393223
RPL35P2	0.220058688895189	-0.83267215479659	2.59508635689833	-0.320864911714077	0.748312765476107	0.935507377393223
OIP5-AS1	1.69897520828711	-0.832780497463336	1.51833821320425	-0.548481550566962	0.583361293998718	0.935507377393223
TMEM106B	0.251199564527198	-0.832966892014107	2.67248661774139	-0.311682343509012	0.755281947827026	0.935507377393223
SLC25A38	1.79163171714635	-0.833114583333515	1.5517256719862	-0.53689553403285	0.59133977604997	0.935507377393223
ZMYND19	1.66573213193911	-0.833325056711083	1.5473811518593	-0.538538973225684	0.590205006308059	0.935507377393223
TP53I11	0.236866960470028	-0.834036057640734	2.78465767332639	-0.299511162765096	0.764550056079992	0.935507377393223
PCBP3	0.236128042208575	-0.834244661375541	2.6945900519504	-0.309599844611501	0.756865274471909	0.935507377393223
AC005154.6	0.238452430517146	-0.834273020851653	2.80320812617064	-0.297613656675334	0.765998050143402	0.935507377393223
ABCA2	0.231474899185837	-0.834403968760769	2.73370143968302	-0.305228638595413	0.760192022024397	0.935507377393223
TRAF3IP2	0.243918142292066	-0.835290755311317	2.65267977683295	-0.314885634748034	0.752848489011224	0.935507377393223
MLH3	0.252874808013196	-0.835355329597789	2.69305505171009	-0.310188731220826	0.75641743938696	0.935507377393223
WDR61	1.76031688248899	-0.835491706659752	1.56420306025459	-0.534132509959269	0.593249858761046	0.935507377393223
TRIQK	0.232441315887776	-0.835784138204424	2.6522026065983	-0.315128314905172	0.752664230762616	0.935507377393223
ERBB2IP	0.253334217242711	-0.835790625222522	2.62591268444067	-0.318285764098264	0.750268181876085	0.935507377393223
GTF3C6	6.74041503890495	-0.835930218983021	0.946408009353528	-0.883266213642917	0.377092453921771	0.935507377393223
ARHGAP27	0.219335033846327	-0.835934717555818	2.6087663557031	-0.32043295702904	0.74864014543751	0.935507377393223
ORMDL3	0.244125797227951	-0.836335756665636	2.64702035957587	-0.315953654697103	0.752037685677135	0.935507377393223
WWTR1	0.236886052329216	-0.836890187849438	2.7608318021897	-0.303129726043316	0.761791001137951	0.935507377393223
TMEM42	0.227177709762686	-0.837217823357298	2.74829554590524	-0.304631656011192	0.760646707254387	0.935507377393223
DPH3	5.1099155062352	-0.837257622605074	0.974429880501262	-0.859228190102684	0.390214633472201	0.935507377393223
FAM73A	0.235867908851612	-0.837728378184067	2.74239805961836	-0.305472932802705	0.760005981902333	0.935507377393223
TCHP	0.240440136544855	-0.838232906954712	2.5947441367821	-0.323050313544307	0.746657138404241	0.935507377393223
RP11-342K2.1	0.239032798532638	-0.838533473268588	2.81317585887388	-0.298073606249506	0.765646985601357	0.935507377393223
ACAT1	0.240210243122605	-0.838569799079174	2.80538226748198	-0.298914628783138	0.765005184974828	0.935507377393223
PPIL2	0.248946211151868	-0.838610499392885	2.62327829721002	-0.319680340543658	0.749210664327161	0.935507377393223
GPR160	0.234548413321899	-0.83938364198497	2.82561413437459	-0.297062373723847	0.76641888979627	0.935507377393223
TMEM185B	0.247786157926592	-0.839993603546832	2.57367993798695	-0.326378424585245	0.744138059269966	0.935507377393223
HSF2	0.238853604771823	-0.840135326001725	2.7202296610967	-0.308847204343406	0.75743775940309	0.935507377393223
TAB2	0.243069310909284	-0.840175394197945	2.73508928422356	-0.307183900373642	0.758703399146376	0.935507377393223
HKR1	0.238923820303122	-0.840397876268702	2.56127680798692	-0.32811677115416	0.742823373796324	0.935507377393223
KCNK12	0.240556488460127	-0.840869529024979	2.77269869933436	-0.303267545524094	0.761685977162808	0.935507377393223
C11orf31	1.71192581370778	-0.841826867521968	1.56647930146781	-0.537400568735998	0.590990950559005	0.935507377393223
FGFR1OP	0.236810298106666	-0.841923328854035	2.75149133938879	-0.305987998872298	0.759613783334799	0.935507377393223
RFX1	0.237783238336938	-0.842365990224285	2.63007611597721	-0.320281981615312	0.748754580920058	0.935507377393223
RAB27A	0.253356694384334	-0.842723128391577	2.63259605555082	-0.320111065506878	0.748884137614672	0.935507377393223
NAA16	0.277780144689281	-0.843101681674683	2.93804099415831	-0.286960489438717	0.774142573308818	0.935507377393223
PLEKHA5	0.24327472686889	-0.843321820194621	2.69553948647234	-0.312858269903617	0.754388342901261	0.935507377393223
AP3M1	0.239979066990694	-0.843373173703523	2.71289393939144	-0.310875836853655	0.75589501434152	0.935507377393223
MBNL1	0.236606984708303	-0.843397970264346	2.61988372605803	-0.321921908928895	0.747511855065091	0.935507377393223
DNAJC22	0.242707444129525	-0.843618715171877	2.70877548728401	-0.311439142569081	0.755466800955893	0.935507377393223
CHMP7	0.237829255727226	-0.84369515775042	2.64373434908799	-0.319130081296356	0.74962787375366	0.935507377393223
EPPK1	0.328167936338499	-0.843817719943949	3.78463582101839	-0.222958762705177	0.82356760123215	0.935507377393223
MTPAP	0.261014253940038	-0.844031141399024	2.72715155834814	-0.309491835470362	0.756947421872117	0.935507377393223
SNAPC4	0.24023483465625	-0.84427410185829	2.65830370158102	-0.317598813617932	0.750789274177847	0.935507377393223
RPS6KL1	0.245897046887915	-0.844397514109034	2.72036655415963	-0.310398432453116	0.756257986036384	0.935507377393223
NUDT19	0.271384205995459	-0.844437967737311	2.87895846261528	-0.293313703098798	0.769282380484573	0.935507377393223
XPO4	0.240712667893563	-0.844469401039502	2.70488559401874	-0.312201522647339	0.754887374997068	0.935507377393223
CREG2	0.231799064695322	-0.844621846680658	2.97402220995015	-0.283999845009501	0.77641049941927	0.935507377393223
THBS1	0.244190672058959	-0.844809390985993	2.8532410847513	-0.296087630134357	0.767163160409855	0.935507377393223
EZH2	0.268539623333316	-0.844906290026104	2.74289998255648	-0.308033940500675	0.758056506372387	0.935507377393223
ACP2	0.247032501313726	-0.845109439803986	2.66797956989745	-0.316760086673553	0.751425651982236	0.935507377393223
NSUN2	0.27100755921652	-0.845168232564363	2.70938723062403	-0.311940730734788	0.755085567197706	0.935507377393223
BCAT2	0.251965608489659	-0.84532721035016	2.69245974819804	-0.313960946274463	0.753550700417971	0.935507377393223
NAMPT	0.250039779197521	-0.845392210410857	2.68940566108307	-0.314341649028284	0.753261568797109	0.935507377393223
KIAA0513	0.251187415140702	-0.845392233455881	2.66453241688381	-0.317276017397669	0.751034173357486	0.935507377393223
IPO9	0.246700387961431	-0.84558709747188	2.54795674275837	-0.331868702196436	0.739988404310888	0.935507377393223
DNASE1	0.255351531487238	-0.845857185838304	2.72813150993677	-0.310050004098925	0.756522930898186	0.935507377393223
ARMC9	0.235698743935019	-0.846134681500719	2.74296231646699	-0.308474774305526	0.757721092164247	0.935507377393223
EXOC1	0.250826978717901	-0.846211515518102	2.61285807131991	-0.323864324972933	0.746040754056607	0.935507377393223
NSMAF	0.255454465490446	-0.846481757107378	2.67082463460294	-0.316936479520387	0.751291801172322	0.935507377393223
METTL3	0.240292638219815	-0.846545170581611	2.77994787876609	-0.304518360595077	0.760733006804784	0.935507377393223
PDE12	0.247704151924285	-0.846567030932259	2.66905276394498	-0.317178829271623	0.751107913001995	0.935507377393223
TMC6	0.250528527802432	-0.846807390103152	2.78068654612225	-0.304531767985158	0.760722793952617	0.935507377393223
CLCF1	0.23888828763008	-0.847025187803759	2.88017716228618	-0.29408787726496	0.768690754047875	0.935507377393223
RAB29	0.237182298664437	-0.847190323288994	2.69127532492059	-0.314791398503232	0.752920042972855	0.935507377393223
AREL1	0.236549298017305	-0.847558239489947	2.60133699192933	-0.32581639446158	0.744563274015376	0.935507377393223
FNBP1L	0.244974742067855	-0.847686402484437	2.67853543489844	-0.316473842921767	0.7516428760128	0.935507377393223
FLJ20021	0.234762873020659	-0.848194857088363	2.75603782403147	-0.3077587867962	0.75826588378512	0.935507377393223
NOL12	0.238174889615615	-0.848859441658983	2.55152105054777	-0.332687610583008	0.739370102655811	0.935507377393223
CHST1	0.239912780419067	-0.849328330485375	2.91309324449496	-0.291555490745241	0.770626510691403	0.935507377393223
TMEM55A	0.240568070946092	-0.849926186414677	2.68604559420832	-0.316422844142072	0.751681579920731	0.935507377393223
CENPL	0.251673435355946	-0.850234103444651	2.72701977224719	-0.31178142237818	0.755206643586011	0.935507377393223
GLS	0.246241685998582	-0.850404875680884	2.64095849096975	-0.322006149884097	0.74744803552364	0.935507377393223
LL22NC03-N64E9.1	0.255612503126883	-0.85049232752332	2.7455196223075	-0.309774630861504	0.756732344913431	0.935507377393223
EIF3D	1.729929887621	-0.850508083869771	1.54649805262047	-0.549957423113871	0.582348576881541	0.935507377393223
FNDC3B	0.230520172617675	-0.850557805359972	2.63223173675743	-0.323131809970405	0.746595420510694	0.935507377393223
MED26	0.251578002772805	-0.85136883952285	2.67570812112894	-0.318184495834934	0.750344992650048	0.935507377393223
UBE2Q2P6	4.90753921824114	-0.8517901203161	0.870219259076319	-0.97882241909955	0.327667730339195	0.935507377393223
FCF1	0.243348341010704	-0.852094907485298	2.63859285141067	-0.322935350571325	0.746744203543406	0.935507377393223
DOK4	0.233142112290729	-0.852155725221652	2.65092252612052	-0.321456291847478	0.747864630002753	0.935507377393223
KCTD6	0.240709487988639	-0.852444384974923	2.78136204525255	-0.306484510504464	0.759235771604473	0.935507377393223
ELMO2	0.246087263220837	-0.852765192127625	2.71303202987514	-0.314321829870498	0.753276619963075	0.935507377393223
NPHP3	0.244962063597506	-0.853258908292295	2.5175462211392	-0.338924823356845	0.734666363708084	0.935507377393223
PPRC1	0.246490952857943	-0.853299858279511	2.55229016515201	-0.334327134872884	0.738132716647664	0.935507377393223
METAP2	3.57935887213242	-0.853582409811976	1.11390032314333	-0.766300531633964	0.443497502062078	0.935507377393223
ATP6V0A2	0.255836386910109	-0.853719516699458	2.73553713236122	-0.312084784593129	0.754976089603192	0.935507377393223
TUFT1	0.258115488939412	-0.853861178695032	2.76686281430392	-0.308602643499636	0.75762380973402	0.935507377393223
RP11-1094M14.11	0.241439024740885	-0.853951303333131	2.75506618851108	-0.309956728769058	0.756593862301465	0.935507377393223
TIMM22	1.7805601034228	-0.854433580381103	1.50837657226204	-0.56645906340202	0.571081753732534	0.935507377393223
XPNPEP3	0.232488002953694	-0.855870427701324	2.56471149450636	-0.333710216347767	0.738598239580553	0.935507377393223
STRIP1	0.249351066443517	-0.856073839638974	2.54901918983635	-0.335844407547961	0.736988200744458	0.935507377393223
KBTBD2	0.239140720113386	-0.856227572587341	2.58604742243513	-0.331095077823856	0.740572669489364	0.935507377393223
ATAD2	0.265842198882029	-0.856320511063247	3.07593226306439	-0.278393812941167	0.780710068423873	0.935507377393223
ZFYVE19	0.243468255258539	-0.856482237396021	2.70141773008188	-0.317049165650535	0.751206296350769	0.935507377393223
NCOR1	1.81117885619833	-0.857682587102849	1.57510605187517	-0.544523707519104	0.586081138798602	0.935507377393223
TVP23B	0.245156744405333	-0.858244605225541	2.70589346919145	-0.317176051088957	0.751110020928742	0.935507377393223
ZHX3	0.232599232893841	-0.858285154755361	2.73490871550663	-0.313825887456126	0.753653281597757	0.935507377393223
CDK2AP1	0.243774135470702	-0.858311226428601	2.635511059108	-0.325671646666928	0.744672798370295	0.935507377393223
C2orf76	0.256587547826361	-0.85846519127568	2.75685382376634	-0.311393075641155	0.755501817265606	0.935507377393223
COG1	0.255037389741358	-0.858589301151608	2.80790229302393	-0.305776060400935	0.75977515702631	0.935507377393223
WBP1L	0.253647824606742	-0.858776121432902	2.59983112628909	-0.330319962996477	0.741158210412989	0.935507377393223
LINC01578	5.23973469938759	-0.858949073660395	0.972480233832573	-0.883256074290838	0.377097930922406	0.935507377393223
ANKHD1	0.268257829328765	-0.85905036387432	2.73320431181566	-0.31430155446508	0.753292017711972	0.935507377393223
C6orf62	3.64432248090882	-0.859163176029227	1.31870050139638	-0.65152259752647	0.51470919468516	0.935507377393223
B4GALT2	0.245735500065807	-0.859180671912857	2.70584548726266	-0.317527617876672	0.750843286837226	0.935507377393223
PSMD12	7.10765269334673	-0.859655938248344	1.01141321599217	-0.849955215786899	0.395349985388045	0.935507377393223
ANGPTL4	0.249889603234927	-0.859922621768369	3.19200316922515	-0.269399050119713	0.787622617046324	0.935507377393223
KIAA1522	0.235465308737741	-0.860550367430965	2.64877376814786	-0.324886322032969	0.745267109276938	0.935507377393223
SPOCD1	0.251632691390983	-0.860555343266271	3.91136798701096	-0.220013904629797	0.825860325689918	0.935507377393223
DDX19A	0.256725687860357	-0.860562269596806	2.70762089456684	-0.317829675241325	0.750614139376134	0.935507377393223
RCC1	0.250329242494536	-0.860700664341422	2.57722504527533	-0.33396410838056	0.738406642595767	0.935507377393223
ZNF83	0.246463356264797	-0.861245044580605	2.73549492781172	-0.314840665878904	0.752882633790526	0.935507377393223
RP11-37B2.1	0.261290263395295	-0.861469930944684	2.65835140803808	-0.324061720485806	0.745891307025742	0.935507377393223
HMGB2	0.254835054006822	-0.861479004979706	3.14188697392394	-0.274191596365351	0.783937385871655	0.935507377393223
UBTF	0.246131588887014	-0.86148811275868	2.66268272060596	-0.32354140660162	0.746285254333572	0.935507377393223
ZNF35	0.250480889903581	-0.861857519652056	2.52870404891924	-0.340829730557205	0.733231767350687	0.935507377393223
PRMT9	0.245436170093632	-0.862143010117791	2.56982532198162	-0.335487008686249	0.737257743042106	0.935507377393223
ADAL	0.244660896232396	-0.862452662499099	2.62797082683792	-0.328181977399208	0.742774073855113	0.935507377393223
CSAD	0.253507002754952	-0.862493417797665	2.65415640571152	-0.324959529868569	0.745211701295525	0.935507377393223
IPO4	0.242553400561288	-0.862797925949174	2.70188998595112	-0.319331257170137	0.749475332655609	0.935507377393223
LYRM5	0.244218323314528	-0.863174421871862	2.76143068208788	-0.312582324615597	0.754598008582195	0.935507377393223
CRY2	0.25094752827942	-0.863725517003794	2.45960006638086	-0.351165024269458	0.725464547857564	0.935507377393223
C9orf156	0.261221450618776	-0.86440856422342	2.64614482131753	-0.326667141291619	0.743919655384796	0.935507377393223
ZBED6	0.288271314786351	-0.8646113213481	2.61490302681155	-0.330647566079096	0.740910712624715	0.935507377393223
MARCKS	1.76702921050934	-0.864703441726482	1.81886607844106	-0.47540797641771	0.634496210254188	0.935507377393223
SMIM1	0.237925614375014	-0.864786439507425	2.86928642374796	-0.301394253410857	0.763113875829217	0.935507377393223
TOR1B	0.260348443605763	-0.864797569320176	2.5359489663798	-0.34101536773223	0.733092012663594	0.935507377393223
RBPMS	0.234385279221349	-0.865113762756022	2.76536678382686	-0.312838704730094	0.75440320809789	0.935507377393223
RP11-295G20.2	0.226723787556362	-0.865132829729393	3.02746709125865	-0.285761266316431	0.775060976540325	0.935507377393223
SCRN2	0.230338577080272	-0.865314820230739	2.62858175845348	-0.32919456183849	0.742008633104677	0.935507377393223
ATG9B	0.24383274907371	-0.865495726231503	2.86236586815472	-0.302370754158504	0.762369446737953	0.935507377393223
KTI12	0.256895757093575	-0.865659148682006	2.61457869170169	-0.331089345839729	0.740576999020969	0.935507377393223
AGBL5	0.229339403843817	-0.866114841800509	2.63464614032137	-0.328740481898211	0.742351853257735	0.935507377393223
TMEM206	0.234997768412452	-0.866160346267959	2.73139439496404	-0.317112881195381	0.751157951146729	0.935507377393223
THAP6	0.265824440239275	-0.866201006834842	2.54612661284498	-0.340203429972782	0.73370333533777	0.935507377393223
DNAJC8	3.5870510927649	-0.866278171614783	1.14409168286795	-0.757175482163495	0.448944736930535	0.935507377393223
AC016734.2	0.243848309096951	-0.866490141477275	2.60966831826127	-0.332030754795149	0.739866036139179	0.935507377393223
ARHGAP1	0.258721958869986	-0.867016625471282	2.62546324179867	-0.330233770432566	0.741223331678248	0.935507377393223
NGRN	0.257067139682323	-0.867406631016597	2.54677641769509	-0.340590019991479	0.733412243612407	0.935507377393223
PCOLCE	0.243958616806175	-0.86742175025095	2.80370780805692	-0.309383790906552	0.757029598960796	0.935507377393223
TFF3	0.21791640451298	-0.867741383486697	3.79525278867667	-0.228638626147815	0.819149800337456	0.935507377393223
CTAGE5	0.275386201281114	-0.868149422236624	2.60558283058541	-0.333188188088257	0.738992233775456	0.935507377393223
DCPS	0.241610129825284	-0.868163269418675	2.75136175438196	-0.315539484415669	0.752352076820406	0.935507377393223
NR1H2	1.816040187197	-0.869257061640203	1.52538999510662	-0.569858898005584	0.568773404174906	0.935507377393223
DIP2C	0.247742846745809	-0.869789492767001	2.57903844943098	-0.337253402700881	0.735925883306388	0.935507377393223
ZSWIM6	0.256448577773091	-0.869849018068097	2.56736658248866	-0.338809823264473	0.734753000627599	0.935507377393223
NAP1L1	22.2949693419853	-0.870076074718181	0.549793284224302	-1.58255129643092	0.113523771763336	0.935507377393223
GHITM	10.3830825275531	-0.870252267023061	0.762795669853208	-1.14087205973591	0.253923168032827	0.935507377393223
ASXL2	0.25194547388118	-0.870478434164877	2.58908477730785	-0.336210865628744	0.736711859776673	0.935507377393223
B3GAT2	0.259327018460789	-0.870756580914279	2.6599608491764	-0.327356916243294	0.743397948668626	0.935507377393223
DTNB	0.248646138556657	-0.871014883410803	2.62440195199104	-0.331890807637144	0.739971711797387	0.935507377393223
CD3EAP	0.251769725043659	-0.871057054620485	2.76958919488403	-0.314507673639649	0.75313548922263	0.935507377393223
PHC3	0.26282605480336	-0.871428515707371	2.54018204037548	-0.343057506059117	0.731555198589978	0.935507377393223
CREBZF	0.2807296263325	-0.871652147208652	2.61895096052538	-0.332824921255414	0.739266445246453	0.935507377393223
BTG2	0.266478627627984	-0.871920306871767	2.88296361316037	-0.302438887154718	0.762317514179129	0.935507377393223
ACP6	0.261027061614828	-0.872052205347708	2.57099708298099	-0.33918832935298	0.734467860534612	0.935507377393223
KIAA0195	0.23887806731744	-0.872126883768948	2.55490731924565	-0.341353628446471	0.732837379953486	0.935507377393223
RBBP8	0.262270224579581	-0.872236065139232	2.6111815506187	-0.334038843424181	0.738350247665751	0.935507377393223
LA16c-431H6.6	0.261257458104459	-0.872559474837873	2.80226319221317	-0.311376703395496	0.755514262228274	0.935507377393223
ZNF701	0.257939452725855	-0.87256749790226	2.65412329145367	-0.328759218048365	0.742337690366702	0.935507377393223
PEX3	0.258407359203693	-0.872680569425692	2.67406409247509	-0.326349907573811	0.744159632488538	0.935507377393223
ENTPD3-AS1	0.239079115232244	-0.872851262246968	2.69962910597599	-0.323322659514522	0.746450894988831	0.935507377393223
RORA	0.255269415580791	-0.87307191058973	2.68656069881546	-0.324977548794888	0.745198063717953	0.935507377393223
CRNKL1	0.263907708298609	-0.873139655883685	2.65188949723644	-0.32925190012389	0.74196529712467	0.935507377393223
ZNF524	0.240033581938548	-0.87348223632927	2.52014247607544	-0.34660033891795	0.728891591259368	0.935507377393223
HMBOX1	0.254702513183835	-0.87363529631808	2.64621446615217	-0.330145310402003	0.74129016801518	0.935507377393223
HNRNPA2B1	5.42420532903804	-0.874041858024488	1.0846153119968	-0.805854249296332	0.420326893651779	0.935507377393223
SLC4A2	0.242325193163443	-0.874888057603577	2.60181375908491	-0.336260831333018	0.736674183967202	0.935507377393223
GFM1	0.258456507577494	-0.875647727863549	2.59095940199324	-0.337962735807403	0.735391269693746	0.935507377393223
MGAT4A	0.245707864620629	-0.87616496913535	2.65325166185046	-0.330223092567211	0.741231399279369	0.935507377393223
C22orf29	0.262108472686208	-0.877169968533768	2.64501855137371	-0.33163093244779	0.74016795946704	0.935507377393223
TOP2B	0.266605919252047	-0.877258509835663	2.5452889609845	-0.344659692193199	0.730350224318301	0.935507377393223
LINC00665	0.246927574754446	-0.877696290420691	2.7478745492697	-0.319409155943438	0.749416268739089	0.935507377393223
SLCO3A1	0.286697632812633	-0.877741717479865	2.80234726142439	-0.313216612931019	0.754116097702186	0.935507377393223
CDYL2	0.23947953693059	-0.878046092753694	2.63523088721893	-0.33319512799136	0.738986995522072	0.935507377393223
SRF	0.254511777179191	-0.879435502916667	2.48392407333872	-0.35405087955631	0.723300753179891	0.935507377393223
CRY1	0.253879595924718	-0.880543685580754	2.529278334817	-0.348140287076971	0.727734829810526	0.935507377393223
RP9	1.87544867521203	-0.880581303161511	1.6307018531947	-0.540001411929697	0.589196058714215	0.935507377393223
DTX2	0.252123852801553	-0.881739819322244	2.80054478311908	-0.314845820226526	0.752878720079363	0.935507377393223
C5orf45	0.263403269318132	-0.881740383583833	2.46500644464987	-0.357703074366232	0.720565532129917	0.935507377393223
RPL35P5	0.239678608373543	-0.881781965030561	2.59466303564374	-0.339844501161511	0.733973633205726	0.935507377393223
WDR12	0.261481434507389	-0.881914123039401	2.5055441002811	-0.351985072998899	0.724849457069347	0.935507377393223
SULT1A2	0.261142468678756	-0.882373947999568	2.85547507662608	-0.309011258834781	0.757312962374236	0.935507377393223
HIST2H2BE	0.274274488477272	-0.882512625696292	3.1303319788587	-0.281923013807005	0.778002542532913	0.935507377393223
CDCA4	0.249570166082417	-0.882602819443162	2.66055412422184	-0.331736464749164	0.740088263523396	0.935507377393223
ABHD17B	0.260429483957212	-0.882855192867823	2.64572799166315	-0.333690838835191	0.738612863286024	0.935507377393223
FKBP9	0.290894242701319	-0.883102257068629	2.80229824490099	-0.315134999879297	0.7526591553034	0.935507377393223
PAXIP1-AS1	0.265508391785865	-0.883205017848042	2.55689170367441	-0.345421363203933	0.729777618896593	0.935507377393223
CROCCP2	0.254868101938803	-0.883817540331837	2.46838591353064	-0.358054846888863	0.720302268824719	0.935507377393223
ANKEF1	0.256171748327511	-0.883867438950098	2.53175406076011	-0.349112677510521	0.727004719374386	0.935507377393223
KIAA0100	0.259129329638656	-0.884358277131282	2.54864550947309	-0.346991479923042	0.72859771962266	0.935507377393223
TRIM13	0.282141408065821	-0.884391768013453	2.57982677610971	-0.34281052363798	0.731741008458835	0.935507377393223
PAXBP1	0.279730127634839	-0.884570847816399	2.55661849070669	-0.345992509649685	0.729348343938475	0.935507377393223
AC018804.7	0.248382465331213	-0.88486315367028	2.54957692682229	-0.347062739845683	0.728544184988375	0.935507377393223
PSME2	1.80093384857365	-0.88564587106268	1.57253432949356	-0.563196525794071	0.573301068370291	0.935507377393223
NUP43	0.265882170126898	-0.886566811389822	2.69116903508682	-0.329435572359438	0.74182648410596	0.935507377393223
CCDC127	0.26938620531294	-0.88660191228819	2.57208356257429	-0.344701830527165	0.7303185418301	0.935507377393223
STAU2	0.247937433646017	-0.887056035250278	2.54850491664761	-0.348069187332446	0.727788224107218	0.935507377393223
LSM7	1.73194023243843	-0.887298620160481	1.50563242561556	-0.589319547762607	0.555646934200365	0.935507377393223
MAT2B	0.26335379992481	-0.887402558541566	2.5079388076171	-0.353837404583538	0.723460739773229	0.935507377393223
TMEM68	0.269873948207242	-0.887522932528028	2.62312897055352	-0.338345137616603	0.735103112393675	0.935507377393223
CLCN3	0.265462708907011	-0.887661411226404	2.67961790820449	-0.331264173339248	0.740444950505839	0.935507377393223
NCOA6	0.269358928717293	-0.88772298878936	2.5566256816789	-0.347224466667488	0.72842269122485	0.935507377393223
TMEM216	0.262822469530914	-0.887937267100336	2.55158622352886	-0.347994223715597	0.727844521515515	0.935507377393223
ARHGEF1	0.265754812675737	-0.887964280213213	2.52599608807498	-0.351530346545356	0.725190510084128	0.935507377393223
HSD17B4	0.264360630546392	-0.887994614170488	2.55640302500198	-0.347360962057146	0.728320157335616	0.935507377393223
ECHDC2	0.260131787808011	-0.888021657111956	2.62643882512239	-0.338108639202962	0.735281320397973	0.935507377393223
DROSHA	0.26993954342485	-0.888208292879223	2.51383177167345	-0.353328453752475	0.72384221640939	0.935507377393223
ZNF518A	0.284075710670131	-0.888224284731041	2.59968166905611	-0.341666556834067	0.732601842852403	0.935507377393223
HNRNPA1P48	0.240028356580796	-0.888688852650462	2.6375205586702	-0.336941014442188	0.736161366186003	0.935507377393223
SLC12A7	0.248197404916257	-0.888883219948191	2.74514851523531	-0.323801504732795	0.746088316910946	0.935507377393223
ACBD5	0.27082890150703	-0.889096355579354	2.62723280478885	-0.338415519918422	0.735050080162681	0.935507377393223
LINC00467	0.245752639359373	-0.889141833563906	2.7453563336729	-0.32387119393509	0.746035553443569	0.935507377393223
NCOA3	5.44322278614431	-0.890041467558168	0.960033802160631	-0.927093885189314	0.353877790713586	0.935507377393223
AAAS	0.259299425440076	-0.890627811523626	2.54295125392104	-0.350233930025338	0.726163144869474	0.935507377393223
TMEM62	0.249903655406914	-0.891257057685695	2.63839498759859	-0.337802740633955	0.735511844447399	0.935507377393223
NEDD1	0.265848517453949	-0.891414075754749	2.6142552162592	-0.340982039630505	0.733117102667752	0.935507377393223
CDKN1B	0.268704283203391	-0.892143168990898	2.49178812294414	-0.358033317831532	0.720318380020031	0.935507377393223
MIS18A	0.248082827362219	-0.89217795898411	2.70174745850582	-0.330222558801822	0.741231802563554	0.935507377393223
CERS4	0.251501657140051	-0.892460080639026	2.5147486525726	-0.354890370346171	0.722671722887478	0.935507377393223
WARS2	0.259242230733262	-0.892740466150248	2.53593652362615	-0.352035809190411	0.724811407397333	0.935507377393223
SEMA3C	0.264253561210439	-0.893183637345351	2.70208668696187	-0.330553287448233	0.740981935559327	0.935507377393223
RUFY3	0.255782574655005	-0.89355057100935	2.55920894702604	-0.349151081254117	0.726975889358663	0.935507377393223
GCN1L1	0.264370008254507	-0.893686692712052	2.58428077509966	-0.345816407150104	0.729480693935812	0.935507377393223
HDDC2	3.5910951561541	-0.893890244596603	1.12962754949153	-0.791314132697066	0.42876070335825	0.935507377393223
HMGCR	0.261437110936929	-0.894239217889197	2.49233679515826	-0.358795496510099	0.719748081925417	0.935507377393223
JARID2	0.27007817918836	-0.894295744134324	2.56310177781908	-0.348911522700152	0.727155734308797	0.935507377393223
GCAT	0.246364541094923	-0.894493882361134	2.60727323303324	-0.343076387632954	0.731540994247878	0.935507377393223
PSMB1	10.5956864130887	-0.894560788491435	0.89971195438279	-0.994274649940726	0.320089173735087	0.935507377393223
MYO1E	0.243927784083725	-0.894778729154228	2.52198949410528	-0.354790823374015	0.722746303630477	0.935507377393223
COMMD8	0.262820247376163	-0.89479864522606	2.597022573282	-0.344547888967809	0.730434287877563	0.935507377393223
ZDHHC2	0.253890489483372	-0.894803876051269	2.57801760630777	-0.347089901117007	0.728523780196451	0.935507377393223
ZUFSP	0.269779040728265	-0.894960126084057	2.64400747145173	-0.338486231883704	0.734996800806192	0.935507377393223
ARMC6	0.256084400017967	-0.895137865634317	2.61180821560995	-0.342727257033791	0.731803655155285	0.935507377393223
SLC37A3	0.261074429890315	-0.895345448415409	2.56166656064568	-0.349516780275156	0.726701375377439	0.935507377393223
FEM1A	0.245924492969965	-0.895592091814118	2.56358515927178	-0.349351410689443	0.726825506622685	0.935507377393223
ZDHHC21	0.244047587619786	-0.896007635327894	2.50914973451725	-0.357096120252179	0.721019848856953	0.935507377393223
BICD1	0.262660650815187	-0.89634356487123	2.63467167226216	-0.340210726941022	0.733697840565347	0.935507377393223
NUP37	0.277868960854368	-0.896754283921511	2.50151411769055	-0.358484598419702	0.719980691749905	0.935507377393223
CDT1	0.256392167001676	-0.896994431867743	2.86265497859876	-0.313343535484954	0.754019677713348	0.935507377393223
GTF3C1	0.25802044907002	-0.897029073177164	2.543788929599	-0.352635025154611	0.724362076048825	0.935507377393223
AKIRIN1	1.85274518243557	-0.897178672338551	1.55303375533983	-0.577694251173718	0.563470561114632	0.935507377393223
DDHD1	0.27977371515445	-0.897433355867944	2.58997766677227	-0.346502353043978	0.728965216142486	0.935507377393223
PUS7L	0.287154922727073	-0.897653933523953	2.50745004641674	-0.357994742430359	0.720347248098183	0.935507377393223
RRM2B	0.269356854001332	-0.89780491295283	2.59524858179884	-0.34594177962349	0.729386469310108	0.935507377393223
NECAP1	0.27148227608735	-0.898405470830248	2.52634385229183	-0.355614881962817	0.722128997093078	0.935507377393223
GULP1	0.260790784296807	-0.898540896151494	2.64418574472441	-0.339817616044649	0.733993880859627	0.935507377393223
KLHL35	0.275203401081056	-0.89854189957575	2.62573402124097	-0.342205985947915	0.732195880749129	0.935507377393223
PSIP1	0.287135243399457	-0.89905992208511	2.65996674766209	-0.33799667716723	0.735365691815909	0.935507377393223
RAC1	26.4096584984119	-0.899493693791003	0.579349415616242	-1.5525927351359	0.120520462357418	0.935507377393223
PIGT	1.84181370952842	-0.899612600076307	1.57087625153627	-0.57268202966116	0.56686000709685	0.935507377393223
UBQLN2	0.274533526165446	-0.899736552366416	2.66102115962497	-0.338117022900043	0.735275002809906	0.935507377393223
AKAP1	0.28487077795032	-0.900220148702697	2.66159207590576	-0.338226190576686	0.735192740450296	0.935507377393223
FURIN	0.251757713898728	-0.900351988604432	2.58558420152449	-0.348219945060608	0.727675010040077	0.935507377393223
DDOST	1.76590322672465	-0.900631385476241	1.53532406759448	-0.586606700491144	0.557467881511078	0.935507377393223
SLC27A4	0.267521791538178	-0.900722941794454	2.52531210534186	-0.356677869594468	0.721332974770646	0.935507377393223
PLEKHH3	0.253406009223565	-0.900823386172712	2.62072882848309	-0.343730101482541	0.731049271294837	0.935507377393223
HM13	1.81804232014726	-0.900916357633497	1.56731615997597	-0.574814693193305	0.565416628501527	0.935507377393223
PARP14	0.283898613460764	-0.901022210243625	2.50483566354405	-0.359713103481121	0.71906169194308	0.935507377393223
TM7SF2	0.269856845167135	-0.901191046869893	2.62940382303817	-0.342735885212414	0.731797163551519	0.935507377393223
NCBP1	0.260594010654163	-0.901193198167319	2.64095497079706	-0.341237623561348	0.732924701705699	0.935507377393223
HSDL1	0.254893737721167	-0.901862172261554	2.49667915332423	-0.361224697639166	0.717931480788054	0.935507377393223
INTS5	0.265716523737748	-0.901905735247133	2.58770256222784	-0.348535317934937	0.727438194666417	0.935507377393223
TMEM131	0.252830454892891	-0.902004281166622	2.5427619117601	-0.354734069672396	0.722788824769094	0.935507377393223
PEX11A	0.26700561281606	-0.902169878173067	2.53407248764079	-0.35601581350697	0.721828722591798	0.935507377393223
MVK	0.256327587594881	-0.902244651202105	2.59338322008244	-0.347902556095595	0.727913365566431	0.935507377393223
TJP2	0.273284011900671	-0.902357586861754	2.66269803941731	-0.338888440785881	0.734693772658978	0.935507377393223
DHRS4-AS1	0.283546634719141	-0.903148418843021	2.63257583352179	-0.34306643985059	0.731548477812993	0.935507377393223
THAP1	0.269612602033669	-0.90354193914064	2.50673343421419	-0.360445959992504	0.718513662002945	0.935507377393223
RNPEPL1	0.266824108914272	-0.903970286315099	2.63497137899347	-0.343066453594803	0.731548467473414	0.935507377393223
ZNF16	0.275229212735126	-0.904476222975055	2.44058122651804	-0.370598697206839	0.710936452553664	0.935507377393223
ZBTB38	0.26947019323462	-0.904517305496299	2.46266590752464	-0.367291926498255	0.713401275625074	0.935507377393223
ZNF276	0.264812851007316	-0.904647538974419	2.46301506534812	-0.367292734706257	0.713400672830616	0.935507377393223
PRR4	0.286523501758193	-0.905014948157664	2.68352976702837	-0.337247963215194	0.735929983458811	0.935507377393223
ZNF714	0.267739413093643	-0.905019483272274	2.60285679983782	-0.347702371997055	0.728063715099641	0.935507377393223
AKAP8	0.281373271055406	-0.905320176448642	2.49912612535111	-0.362254696657797	0.717161709122118	0.935507377393223
SURF1	3.60222054026151	-0.905804879236199	1.15092805777595	-0.787021285228351	0.431269406090146	0.935507377393223
ZNHIT3	1.83688222835518	-0.90580946700279	1.49318381731282	-0.606629576680596	0.544096767405218	0.935507377393223
MRPL13	1.84974896048708	-0.905917887445551	1.56000623772636	-0.580714272505656	0.561433040871683	0.935507377393223
C1orf54	0.265537113556053	-0.906714274130246	2.52815558387388	-0.358646548461583	0.719859519641874	0.935507377393223
SNHG20	0.272113436441378	-0.9069266751777	2.6401583159906	-0.34351223170396	0.731213140475544	0.935507377393223
STMN1	0.276653188004268	-0.908557621659129	3.21536363647478	-0.282567611125702	0.777508311427285	0.935507377393223
PPP1R13B	0.272694887471784	-0.908675054654759	2.52472357962545	-0.359910709428857	0.718913908020163	0.935507377393223
MIA3	0.286982998375719	-0.908973266872463	2.5615334669802	-0.35485512041506	0.722698131888229	0.935507377393223
SNX7	0.263597996457667	-0.909318013004109	2.54038901523354	-0.357944396527991	0.7203849252845	0.935507377393223
SOWAHC	0.256274767212262	-0.909423334199448	2.54302928262973	-0.357614181012898	0.720632064338777	0.935507377393223
RANBP17	0.296020768422469	-0.909596799239577	2.60258629773449	-0.349497267403339	0.726716021936163	0.935507377393223
HELB	0.276499311639743	-0.909801572299816	2.58490336332046	-0.351967344392759	0.724862752820509	0.935507377393223
CDC42BPA	0.273116015264224	-0.909902338586232	2.61294954945206	-0.348228054681362	0.727668920151566	0.935507377393223
PQBP1	1.84291400179246	-0.909920069078068	1.57327979583554	-0.578358707387346	0.563021966188307	0.935507377393223
EXOC4	0.278673656926563	-0.909935571000187	2.47617018083816	-0.367476992511146	0.713263250523587	0.935507377393223
QPCT	0.271267087444235	-0.910165797896182	2.78476015903537	-0.326838128211178	0.743790319592434	0.935507377393223
GOLM1	0.255764543171747	-0.910319769402898	2.95228886786483	-0.30834373265827	0.757820792166898	0.935507377393223
CWC22	0.282813254951144	-0.910345712996693	2.50597215906137	-0.363270481559407	0.716402841647652	0.935507377393223
AP3S2	0.264997735812947	-0.910539236691327	2.52963252602331	-0.359949212909091	0.718885113575015	0.935507377393223
FAM21C	0.2739076708788	-0.910626442571762	2.6176714573004	-0.347876522102162	0.727932917969645	0.935507377393223
TJAP1	0.272747526479838	-0.91083232201125	2.43378017865293	-0.374245928206788	0.708221356775953	0.935507377393223
B3GNT5	0.264497888614299	-0.910954539148693	2.72770399327117	-0.333963854360986	0.738406834280883	0.935507377393223
SOS1	0.269854685566082	-0.911344474145045	2.47838499463868	-0.3677170722533	0.713084209317079	0.935507377393223
PTPN23	0.265142909851103	-0.911461930075502	2.51492293513118	-0.362421415520615	0.717037138456459	0.935507377393223
OTUD4	0.270624180425746	-0.911621192345525	2.55756590256242	-0.35644093918838	0.721510374899052	0.935507377393223
GNPDA2	0.280716824272089	-0.911790124446747	2.52544190831836	-0.36104181269958	0.718068190152064	0.935507377393223
SCAPER	0.281160069730415	-0.91193992580428	2.59510812641694	-0.351407294563634	0.725282810658338	0.935507377393223
C9orf72	0.286557624838022	-0.912287281595131	2.48567565579801	-0.367017828519646	0.713605719384216	0.935507377393223
CNKSR1	0.268101148228906	-0.912419834485726	2.60445393189604	-0.350330571530395	0.726090624453103	0.935507377393223
AP4E1	0.273520470216603	-0.913328179173267	2.53163801866359	-0.360765706803297	0.718274600745485	0.935507377393223
PDZD8	0.284879885999342	-0.913356951523395	2.50216217361758	-0.365027079840664	0.715091192138203	0.935507377393223
ITSN1	0.283770726979165	-0.913589625702071	2.39492691346777	-0.381468687234061	0.702855501783827	0.935507377393223
ELMSAN1	0.286720418653743	-0.91370755645311	2.5762461047363	-0.354666254428607	0.72283963458432	0.935507377393223
MSI1	0.300031335953715	-0.913997024216698	2.65904694713775	-0.343731059431103	0.731048550807835	0.935507377393223
NAV2	0.270096432295331	-0.914036573581918	3.34881605909563	-0.272943200657237	0.784896877508255	0.935507377393223
ZNF621	0.283911142678199	-0.914037666800003	2.57474395761788	-0.355001383378587	0.722588554862172	0.935507377393223
RPS2P46	0.25470006072277	-0.914263677678077	2.50854273887689	-0.364460076166534	0.715514481273511	0.935507377393223
DEDD	0.26595950828013	-0.914514690518909	2.59914258224586	-0.351852451945402	0.724948919608133	0.935507377393223
SCAF4	0.266881732554627	-0.915402683536275	2.42463991167711	-0.377541703874327	0.705771078191715	0.935507377393223
OTUD1	0.272316889990568	-0.915565050973549	2.53381119426636	-0.361339097816498	0.717845969450415	0.935507377393223
SPR	1.87036601852279	-0.915824105796938	1.54851169724666	-0.591422142580726	0.554237607786497	0.935507377393223
PCBP4	0.259844171742514	-0.917308024889395	2.61724964801334	-0.350485489829252	0.725974377872915	0.935507377393223
RNF213	0.272247945549634	-0.919280629198204	2.51396323168637	-0.365669878386229	0.71461142529237	0.935507377393223
SLC25A43	0.261721360310541	-0.919464839327697	2.62027507247401	-0.350903937142582	0.725660417669282	0.935507377393223
RBM39	5.62505468461583	-0.919591784338493	1.04908216046871	-0.876567936230692	0.38072136123251	0.935507377393223
SESTD1	0.275844954568881	-0.919620198557567	2.51610968895788	-0.365492888721579	0.714743514183195	0.935507377393223
DNAJC21	3.72566627611222	-0.919895875114379	1.16263659138984	-0.791215313475313	0.428818356852377	0.935507377393223
PACSIN2	0.260676448361565	-0.920334396696024	2.64229808733297	-0.348308315821011	0.727608649284914	0.935507377393223
RP11-98D18.9	0.258255878602003	-0.920382152944726	2.55145819008361	-0.360727899254569	0.718302866424241	0.935507377393223
LRRC61	0.274529281148854	-0.922267616522546	2.76813752256536	-0.333172614801246	0.739003988569167	0.935507377393223
CENPB	0.267617864759493	-0.922553940812444	2.60942320866398	-0.353547074215221	0.723678344235135	0.935507377393223
SLC35E3	0.267005137864408	-0.922605516730419	2.56071618071961	-0.360291985373854	0.718628792186974	0.935507377393223
SH2B1	0.251800596432668	-0.922734921941195	2.60879675837376	-0.353701344874561	0.723562714610295	0.935507377393223
NSUN5P1	0.255110693965275	-0.923149026134927	2.50304788332818	-0.368809974544898	0.71226936939242	0.935507377393223
VCP	1.93902955261399	-0.923268329116837	1.68697075276125	-0.547293619409596	0.584177026719472	0.935507377393223
SNX13	0.267175101628916	-0.923474668217808	2.45756842066672	-0.375767632938283	0.707089652435874	0.935507377393223
TTL	0.271763791655112	-0.924818974415322	2.47379599135766	-0.373846096301485	0.708518822098114	0.935507377393223
ARMCX1	0.272680951022803	-0.924830048879382	2.58143759382368	-0.358261633398428	0.720147527184391	0.935507377393223
TMEM126A	1.81476546802669	-0.925081834810255	1.60556045428477	-0.576173779281549	0.564497726439231	0.935507377393223
IGFBP6	0.263675919957628	-0.925374431070271	3.05623531316921	-0.302782454964402	0.762055655089287	0.935507377393223
COBLL1	0.277496373594365	-0.925472513537775	2.55040256851992	-0.362873110684975	0.716699674179578	0.935507377393223
CTSH	0.275050289788621	-0.925825599684345	2.63417209777145	-0.351467392911651	0.72523773073909	0.935507377393223
SLC41A3	0.260017265056655	-0.925998604551983	2.52972256970565	-0.366047492970634	0.714329636899112	0.935507377393223
KIAA1377	0.283868225847076	-0.926513331817354	2.61880802563745	-0.3537920010734	0.723494768519406	0.935507377393223
NMRAL1	1.85686404896326	-0.926835645328978	1.54956049948772	-0.598128079307253	0.549754475681101	0.935507377393223
CDK13	0.281773013331698	-0.928356419175335	2.53711239677498	-0.36591063933762	0.714431757072555	0.935507377393223
ZNF26	0.293661548482087	-0.928795129967829	2.49588241651164	-0.372130964112467	0.709795343183638	0.935507377393223
NKIRAS1	0.283247546932395	-0.928924792779678	2.51292832479516	-0.369658292126337	0.711637111877835	0.935507377393223
ARFGAP3	0.267875098425461	-0.92901179407834	2.48918756546754	-0.373218879511735	0.70898554588109	0.935507377393223
PROSER3	0.284650203004211	-0.929456466305546	2.6101836107726	-0.35608853816626	0.72177426062557	0.935507377393223
PTPRK	0.278116412219027	-0.929638896847859	2.61964265785515	-0.354872407524851	0.722685180465739	0.935507377393223
CAPN10-AS1	0.28492143963634	-0.92978869307125	2.52418824556911	-0.368351565975071	0.712611107134885	0.935507377393223
ZNF574	0.274822898267649	-0.930199727830568	2.44586237089295	-0.380315646088854	0.703711122666247	0.935507377393223
FBXO28	0.271569051901082	-0.930334049371869	2.40794583433753	-0.386360040207392	0.69923004015913	0.935507377393223
SNRNP70	1.92251006273804	-0.930943606792537	1.57611088649794	-0.590658699694069	0.554749125675844	0.935507377393223
GRHL1	0.269990538792406	-0.9310439610352	2.50687110854198	-0.371396821265655	0.710341992807562	0.935507377393223
EPC2	0.286297446902769	-0.93145185670883	2.53700251111908	-0.367146604162391	0.713509665852639	0.935507377393223
INPP5E	0.274178611264422	-0.931469337211428	2.49131656946436	-0.3738863814532	0.708488848898917	0.935507377393223
RP11-66N24.4	0.280469274453512	-0.932775596072606	2.49760654353886	-0.373467789987031	0.70880031383965	0.935507377393223
SNRPD1	5.60534232013884	-0.932888957611433	0.99346525928111	-0.939025244110186	0.347717783542412	0.935507377393223
PRKCE	0.245102205329026	-0.933055171568242	2.58579565298663	-0.360838711477665	0.718220022083423	0.935507377393223
METTL13	0.282459627021289	-0.933606657361686	2.54857001498044	-0.3663256853349	0.714122065542526	0.935507377393223
HMGCL	0.286695196695094	-0.93380773972926	2.48214332467814	-0.376210241546123	0.706760602119737	0.935507377393223
NOTCH3	0.273694223352045	-0.93424496759891	2.52383796731328	-0.370168362509203	0.711257047967014	0.935507377393223
ZFAND3	1.8156757809397	-0.935270988514326	1.49229556163327	-0.626733076583502	0.530834218294385	0.935507377393223
TRAK1	0.265584630264989	-0.935282394958614	2.55260402330146	-0.366403244067973	0.714064199386905	0.935507377393223
SMC6	0.295388188406123	-0.935746154401671	2.6094817999972	-0.358594627639356	0.71989836638312	0.935507377393223
MAPK8IP1	0.281418800282729	-0.935811708972418	2.57292679662663	-0.363714859746248	0.716070945818705	0.935507377393223
RMND1	0.269501370707248	-0.935948715743166	2.46784982443167	-0.379256754798161	0.704497209699706	0.935507377393223
RIOK2	0.279365624406732	-0.936351832664851	2.61349883751018	-0.358275205340015	0.720137371485042	0.935507377393223
KDM2B	0.272751688804678	-0.936848895191741	2.52578944985399	-0.370913298115921	0.710702110100833	0.935507377393223
TOPBP1	0.263752622134002	-0.93717619156482	2.41779263079261	-0.387616448006789	0.698299895039792	0.935507377393223
ALDH6A1	0.286062657316765	-0.938142050756809	2.57054926848296	-0.364957817482511	0.71514289434626	0.935507377393223
FAM104B	0.282237520937027	-0.938196985050691	2.55366008115969	-0.367393057506944	0.713325849388035	0.935507377393223
YWHAG	3.67416972627997	-0.938360718489985	1.13126104342186	-0.829482040371175	0.406831695258821	0.935507377393223
SLC44A1	0.279853633111118	-0.939129597286598	2.52830656171821	-0.371446094198472	0.7103052990518	0.935507377393223
ALS2	0.281852501887881	-0.939237798926974	2.51697814716268	-0.37316088738623	0.709028704430786	0.935507377393223
SNRPB2	3.8218662768662	-0.939366387112692	1.23385708169795	-0.761325117022465	0.446462901996517	0.935507377393223
TPT1-AS1	0.276740329729046	-0.939396728523147	2.43824750599961	-0.385275377586419	0.700033401999071	0.935507377393223
PCGF2	0.267819289034533	-0.939434809908481	2.44574544211801	-0.384109807067629	0.700897063029264	0.935507377393223
UBXN8	0.271016775139581	-0.939819125880204	2.45945021862946	-0.382125695719071	0.702368133036731	0.935507377393223
TNPO2	0.27783840948543	-0.940627020472731	2.46939795387533	-0.380913501202414	0.703267433896605	0.935507377393223
GPALPP1	0.290841969875454	-0.940828689232522	2.42321938592392	-0.388255679488882	0.6978268322708	0.935507377393223
UBA5	0.287767021882906	-0.94084515642678	2.53594818472171	-0.371003304442525	0.710635070494778	0.935507377393223
ZNF189	0.284620757851413	-0.941411132431648	2.54315547668288	-0.370174431356262	0.71125252637629	0.935507377393223
DHX33	0.27687309726532	-0.941689205833534	2.58909854120153	-0.363713157629189	0.716072216988421	0.935507377393223
CKB	0.263382688255794	-0.941950716801695	2.6699764818455	-0.352793638148683	0.724243153529584	0.935507377393223
MSL1	0.275989244598389	-0.942139492036513	2.5386936279419	-0.371111930036354	0.710554165640992	0.935507377393223
IER5L	0.283817480222592	-0.942746531168209	2.84347060159855	-0.331547838278409	0.740230712532098	0.935507377393223
GLB1	0.282221256972246	-0.943106724160053	2.55288815833089	-0.369427356651875	0.711809210214128	0.935507377393223
OSCP1	0.279767043046812	-0.943206515959613	2.51656357229994	-0.374799399602528	0.707809660824323	0.935507377393223
PIK3R3	0.272964776863452	-0.943424110287373	2.72616048232345	-0.346063306399083	0.729295138847979	0.935507377393223
DDX46	1.9639018389588	-0.94380695801909	1.60735695695351	-0.587179440096446	0.557083199105672	0.935507377393223
ANKH	0.26979374732908	-0.943871806940213	2.40067619054575	-0.393169145700421	0.694194556657955	0.935507377393223
MMS19	0.270718651993112	-0.944068526220086	2.42158511821167	-0.389855602894222	0.69664332514926	0.935507377393223
CASP3	0.280116438849944	-0.944136786336794	2.43963482794878	-0.386999224441559	0.698756782112409	0.935507377393223
SDCCAG8	0.292450403047152	-0.944358206106494	2.57199130386458	-0.367170061845675	0.713492169295736	0.935507377393223
HID1	0.258143303057881	-0.945443315585876	2.53112096649298	-0.373527511368152	0.7087558734604	0.935507377393223
KDM4A	0.28318886752232	-0.94559786133791	2.46328420058331	-0.383876883192769	0.701069700678304	0.935507377393223
LINC00685	0.287641175026672	-0.945651984597836	2.61681462056693	-0.361375229703112	0.717818962482366	0.935507377393223
ERBB2	0.272301738456802	-0.945754052746149	2.47498829404175	-0.382124656921789	0.702368903519804	0.935507377393223
MBD1	0.280394972198505	-0.945854102179279	2.43739977357225	-0.38805866498996	0.697972620192623	0.935507377393223
IP6K1	0.283371103306475	-0.946254957955153	2.50501668220216	-0.377743974592337	0.705620796935896	0.935507377393223
CRYZ	0.285542864870779	-0.946324478662777	2.50140851422709	-0.378316645713977	0.7051953812518	0.935507377393223
PRAF2	0.283880127071699	-0.94661255412268	2.56930627988182	-0.368431183753703	0.712551748953452	0.935507377393223
NSUN3	0.2905888529574	-0.946667224812656	2.50371371669688	-0.378105219658093	0.705352430935307	0.935507377393223
MT-ND4L	1.86260313646141	-0.946870252722478	1.52979957299142	-0.61895052753279	0.53594895065444	0.935507377393223
CLOCK	0.287433751145211	-0.946879363857575	2.45327425891366	-0.385965556201966	0.699522178185616	0.935507377393223
OSBP	0.283592680485982	-0.947199844280964	2.43977779397609	-0.388232013021693	0.697844344530062	0.935507377393223
FLNA	3.71385769893927	-0.947454516633094	1.21340663539712	-0.780821934703706	0.434907231241835	0.935507377393223
CDK4	3.73277531042459	-0.947471377641601	1.23055104616111	-0.769956988454384	0.441325407105461	0.935507377393223
ZDHHC20	0.28729742602683	-0.947643817157209	2.32542748554374	-0.407513811137236	0.68363065247079	0.935507377393223
TMEM87B	0.301060268621775	-0.947899504806686	2.46485730634609	-0.384565671353956	0.700559231938672	0.935507377393223
DAP3	5.57179858808827	-0.948544825586354	0.916704552765051	-1.03473340753601	0.30079342981437	0.935507377393223
MAP3K5	0.247953742917561	-0.948602123529778	3.31934525000002	-0.28577989093776	0.775046710803039	0.935507377393223
REV3L	0.305384286908689	-0.949053804741067	2.50848475073109	-0.378337482204932	0.705179904348761	0.935507377393223
KDM3B	0.302209148561474	-0.949488161375493	2.4668170689451	-0.384904163883352	0.7003084208083	0.935507377393223
VPS45	0.277034996540975	-0.950087574783609	2.45021532578986	-0.387756767653608	0.698196041544657	0.935507377393223
NUPL1	0.309060854259379	-0.950470633833832	2.56667965522808	-0.370311360008568	0.711150510469519	0.935507377393223
ZNF252P	0.28791795006069	-0.950632080498965	2.41402708184647	-0.39379511839272	0.693732308776539	0.935507377393223
DIP2B	0.291666902309259	-0.950746519791184	2.47690741874734	-0.383844189167155	0.701093933949942	0.935507377393223
UBE2C	0.273760536288337	-0.95083723518724	2.92611288815607	-0.324948924231841	0.745219728181461	0.935507377393223
SNAPC1	0.285590488923452	-0.951342716480967	2.52697841316322	-0.376474413681317	0.706564233660402	0.935507377393223
CMBL	0.293532871389138	-0.952051200074995	2.47956759295786	-0.383958559056379	0.701009162708394	0.935507377393223
TRAPPC2L	3.66048063851596	-0.952254885756736	1.11118925058788	-0.85696913037355	0.391461945194936	0.935507377393223
SLC30A7	0.284316150423149	-0.95242946931602	2.46675334691637	-0.386106487098367	0.699417805666344	0.935507377393223
LMAN2	7.35268691251364	-0.952716691892129	0.820483502439863	-1.16116495829477	0.245574822186796	0.935507377393223
ZNF761	0.27294955907808	-0.953301811038115	2.48326999345696	-0.383889715395394	0.70106018935234	0.935507377393223
GTF2H3	0.286976913751296	-0.953507287294151	2.45654941524416	-0.388149035951463	0.697905745584779	0.935507377393223
SMIM19	0.274649294571706	-0.953820675602502	2.51558883895514	-0.379163979753812	0.704566097980997	0.935507377393223
NDUFA7.1	0.256890196607958	-0.953866884067384	2.51265795715214	-0.379624644632691	0.70422406421865	0.935507377393223
PARN	0.279858692101256	-0.953885559706121	2.45368899420024	-0.388755690701148	0.697456881173465	0.935507377393223
PI4KA	0.272843036428439	-0.954372606504378	2.49003245217645	-0.383277176034471	0.701514260413057	0.935507377393223
SRPRB	1.94580533916979	-0.954714862480148	1.57127658125741	-0.60760458971274	0.54344975602523	0.935507377393223
ZFP91	0.279422309458066	-0.954868809936962	2.50508136035057	-0.381172773487618	0.703075050447263	0.935507377393223
GPRC5A	1.85764882976246	-0.955225852541911	1.99913879437468	-0.477818676336928	0.632779267128681	0.935507377393223
NCOA7	0.302133871551357	-0.955596602969456	2.57068633061088	-0.371728200204953	0.710095226480147	0.935507377393223
FBRSL1	0.280486754718225	-0.95574635671372	2.64118315748265	-0.361862960547067	0.717454440026021	0.935507377393223
ACLY	0.264577141626827	-0.955988669084912	2.52155939029706	-0.379125977664277	0.704594316383492	0.935507377393223
MYO5B	0.261019636343036	-0.95600490827879	2.46723675654879	-0.387480003992834	0.698400885515177	0.935507377393223
TSC1	0.291605264005964	-0.956883927518401	2.44196758187679	-0.391849562058061	0.695169372265756	0.935507377393223
ZNF121	0.316217292165682	-0.9572034804092	2.52084886943295	-0.379714742924877	0.704157175165836	0.935507377393223
ST3GAL4	0.281871612566358	-0.957734704524101	2.57366568050256	-0.372128638066575	0.709797074943473	0.935507377393223
MRPL33	3.73154627252846	-0.957814368970981	1.11100408086171	-0.862115977313137	0.388623700089464	0.935507377393223
ZNF703	0.269786087043736	-0.959048838896231	2.75557275133408	-0.348039745432929	0.727810334693364	0.935507377393223
FBXO3	0.291318430183871	-0.959185226389906	2.46162975223907	-0.389654547162278	0.696792011086799	0.935507377393223
PMM2	0.326107409468953	-0.9592206349196	2.53953216299663	-0.377715489843501	0.705641959580649	0.935507377393223
TASP1	0.290543819606292	-0.959290840767141	2.39536934040206	-0.400477214343123	0.688805062751346	0.935507377393223
PTDSS2	0.27702570077929	-0.96022516334446	2.3421485674843	-0.409976197357897	0.681823408375126	0.935507377393223
SSH3	0.27588399680948	-0.960296593794188	2.48137118670363	-0.387002395667328	0.698754434398559	0.935507377393223
MSRB2	3.73031130750556	-0.960407341291166	1.23121920392182	-0.780045777577192	0.43536393051009	0.935507377393223
ZNF595	0.29275906633126	-0.962837106607265	2.42306592111839	-0.397363149807686	0.691099685497525	0.935507377393223
INAFM1	0.267514168154563	-0.962955403841006	2.60326622902328	-0.369902775638241	0.711454933246924	0.935507377393223
COX17	5.61680891660274	-0.962969212187967	1.05454662228629	-0.913159448655021	0.361158687865544	0.935507377393223
METTL8	0.305375873971585	-0.963151470177819	2.51587331608517	-0.382829876218304	0.701845907939549	0.935507377393223
FAM86C1	0.277578906475167	-0.963306949845322	2.36608754268044	-0.407130730570532	0.683911974000792	0.935507377393223
ERCC4	0.289232749516063	-0.963584385566512	2.400806695656	-0.401358588057095	0.688156134104547	0.935507377393223
NFIL3	0.296816471119832	-0.963595995404151	2.43248483726759	-0.396136485885173	0.692004343424459	0.935507377393223
MRPS7	3.73203186637503	-0.964312538627055	1.11024563004777	-0.868557833085604	0.385089026722652	0.935507377393223
DPM1	1.96053732514195	-0.964760191725989	1.62304501536087	-0.594413699309185	0.552235448038431	0.935507377393223
FBXL12	0.285135133812889	-0.964779974761781	2.34229893597671	-0.41189446826926	0.680416775510319	0.935507377393223
GIT2	0.288068923499236	-0.964901335760357	2.43054238104982	-0.39699012997403	0.691374738988781	0.935507377393223
CTDSP1	0.28867253397252	-0.964943054816248	2.39917802445117	-0.402197354669829	0.687538788904887	0.935507377393223
GUCD1	0.301202394860267	-0.965238954455213	2.36551880231864	-0.40804535288796	0.683240378769517	0.935507377393223
TCAIM	0.297235570355196	-0.965340932894805	2.27601174101354	-0.424137061992889	0.671465857806475	0.935507377393223
EAF2	0.274513330368867	-0.965441328989627	2.41133439613252	-0.400376376888281	0.688879320913535	0.935507377393223
ALG8	0.297028372842048	-0.965915915726255	2.54459330319372	-0.379595401164475	0.704245775087471	0.935507377393223
MTOR	0.282775260137397	-0.96628034500032	2.3952881296264	-0.403408814600953	0.686647503318491	0.935507377393223
MAN2A1	0.281725380781395	-0.967024339859703	2.4690150238405	-0.39166401602349	0.695306481093191	0.935507377393223
CPEB4	0.297234054849901	-0.96704283842935	2.52048245761352	-0.383673703226238	0.701220305454451	0.935507377393223
TCTN3	0.271575424814943	-0.967097485493051	2.4090054441412	-0.401450933971557	0.688088155893916	0.935507377393223
TOB2	0.298864655534785	-0.967388788071438	2.41085422270258	-0.401263908436152	0.688225832832629	0.935507377393223
KIAA0226	0.306143700515818	-0.967577562666048	2.37727633495442	-0.407010976569789	0.683999926329793	0.935507377393223
PLEKHF2	1.96098325043356	-0.967877103838156	1.70219483938389	-0.568605356710212	0.569623988757053	0.935507377393223
PAPD4	0.296946235017047	-0.96812356138268	2.35446582120664	-0.411186075696154	0.680936097634642	0.935507377393223
LCA5L	0.280528493130639	-0.968314851170781	2.43002940890099	-0.398478655288667	0.690277389019649	0.935507377393223
PTPRS	0.344829851712011	-0.968490185003497	3.08180966281132	-0.314260220769122	0.753323408060037	0.935507377393223
GNGT1	0.284164481478016	-0.96869256702528	2.47695400011404	-0.39108217874885	0.695736493042128	0.935507377393223
ARFGEF2	0.29443894316879	-0.96905590206605	2.40081158606149	-0.403636798361082	0.686479821588754	0.935507377393223
STX4	1.89322079120428	-0.969341787965458	1.51199133841955	-0.641102738709264	0.521455934971639	0.935507377393223
PKD1	0.288681665549228	-0.969771499403112	2.44002919860907	-0.397442579767457	0.691041121522151	0.935507377393223
KRTCAP3	0.270447330659489	-0.969842244976847	2.87804601986371	-0.336979408349688	0.736132422955476	0.935507377393223
OXSR1	0.288144794528904	-0.970070470545274	2.43047071690636	-0.399128639484303	0.689798420676314	0.935507377393223
TSPAN14	0.289400821974436	-0.9704045735571	2.4879659352313	-0.390039332860433	0.696507462256325	0.935507377393223
ZFP64	0.277305736456439	-0.970898082392568	2.36892125057524	-0.409848188139139	0.681917314623493	0.935507377393223
ZFYVE27	0.306059627258773	-0.971170841849973	2.37426189367204	-0.409041161145016	0.682509454729034	0.935507377393223
GRK6	1.9466112834027	-0.971301434321291	1.57644959842514	-0.616132247609829	0.537807240268603	0.935507377393223
FHL1	0.271537940962151	-0.971460329372134	3.18406835149333	-0.305100337722499	0.76028973399148	0.935507377393223
USP4	0.298763947141565	-0.972199837579005	2.36911026513009	-0.410364959321815	0.681538246806008	0.935507377393223
C14orf169	0.289168676130386	-0.972402426030407	2.39453072057294	-0.406093109466451	0.684674188457453	0.935507377393223
NUDT9	0.300089505259868	-0.97245584252977	2.63325002027425	-0.369298712633633	0.711905085013046	0.935507377393223
ARNT	0.304281192861845	-0.97246649483011	2.48445769842988	-0.391420025160696	0.695486792761705	0.935507377393223
FAM86EP	0.274175386979341	-0.97261011638251	2.4363817113559	-0.399202683162989	0.689743866339751	0.935507377393223
ING1	0.284718649051347	-0.972616870585305	2.39142339314872	-0.406710444236596	0.684220668676979	0.935507377393223
CTTNBP2NL	0.288039085446155	-0.973088674480968	2.58300795040236	-0.376726937417822	0.706376542122229	0.935507377393223
CTNND1	0.282507115749963	-0.973695339193154	2.44531673663568	-0.398187819436751	0.690491743905299	0.935507377393223
IQSEC2	0.283602163994431	-0.97377809118716	2.42031813533758	-0.402334749704852	0.687437683872384	0.935507377393223
LEAP2	0.29668118405381	-0.973854769554735	2.44112806482346	-0.398936370274029	0.689940089442868	0.935507377393223
OBSL1	0.282546638070973	-0.974059421829443	2.567672042248	-0.379355075649245	0.704424206134395	0.935507377393223
EFCAB2	0.293316155507061	-0.974162781705046	2.3657262875057	-0.411781695477608	0.680499439034703	0.935507377393223
ZSWIM8	0.286300363741413	-0.974437046412388	2.43373254647733	-0.400387893001153	0.688870840129569	0.935507377393223
CTU2	0.287793445225071	-0.974748870862985	2.41126357062254	-0.404248163800411	0.686030239368964	0.935507377393223
ZCWPW1	0.279549132322182	-0.974980948512201	2.44322301459415	-0.399055240838977	0.689852501352669	0.935507377393223
FRG1	0.318117219608456	-0.975190404836973	2.52325733930878	-0.386480756300552	0.699140651864965	0.935507377393223
SLC31A2	0.292698782031782	-0.975628805895436	2.45502303935251	-0.397401079442721	0.691071719619967	0.935507377393223
LINS	0.290841486517111	-0.975656796089969	2.41126266545657	-0.404624850733642	0.685753288914667	0.935507377393223
PUM1	0.299803131506476	-0.976553482667756	2.36988342353073	-0.412068151948527	0.680289471239291	0.935507377393223
CDKN1A	3.83542325862267	-0.976892303757996	1.33618936491848	-0.731103187471931	0.464716127533458	0.935507377393223
SPATA20	0.29911292429583	-0.976953086335084	2.51517877850184	-0.388422920344852	0.697703085171011	0.935507377393223
PJA2	0.291357589529803	-0.977025571411035	2.39665277931248	-0.407662544964612	0.683521439165399	0.935507377393223
IMPACT	0.297852813057385	-0.977140090890961	2.54320382559425	-0.384216192606049	0.700818217730248	0.935507377393223
PCTP	0.294373572661211	-0.977277739212387	2.54579119741492	-0.383879769953147	0.701067560985521	0.935507377393223
NEIL2	0.287021431599705	-0.977419001404021	2.55163150760842	-0.383056486992564	0.701677881759598	0.935507377393223
PAIP1	1.96851479686247	-0.977489415463747	1.54422340765007	-0.632997408678867	0.526735335190919	0.935507377393223
OXNAD1	0.27518473918996	-0.977516003267212	2.4363321496745	-0.401224440353017	0.688254888179589	0.935507377393223
MED22	0.278165945668641	-0.979970382874302	2.42198486484251	-0.404614577530824	0.685760841492409	0.935507377393223
ELF2	0.301050364622642	-0.980055171527508	2.2857578897199	-0.428765958081241	0.668093554834106	0.935507377393223
FAM110A	0.28301277278387	-0.980452982130164	2.56352167504458	-0.382463308843727	0.702117739271825	0.935507377393223
ANAPC1	0.288075250215381	-0.980687206065025	2.4424154633058	-0.40152350032114	0.688034739699596	0.935507377393223
SUPV3L1	0.315865792501861	-0.980710978490844	2.41603579201643	-0.405917404755143	0.684803289235072	0.935507377393223
MOGS	0.280438300793909	-0.980786743200611	2.53011789010933	-0.38764468131492	0.69827899852601	0.935507377393223
IKBIP	0.28385112448927	-0.980907594397719	2.50643383227735	-0.391355870546347	0.695534206517983	0.935507377393223
PDE9A	0.284068774959315	-0.981191065795838	2.45583898114048	-0.399533956961697	0.689499808233856	0.935507377393223
FKBP15	0.30317814877847	-0.981362244863377	2.37857328843746	-0.412584404959855	0.679911129017184	0.935507377393223
MARK4	0.287574401805578	-0.981822286250031	2.39785848150378	-0.409457978368388	0.682203598898583	0.935507377393223
DGAT1	0.283072971829116	-0.981849477572175	2.37622735769488	-0.413196773613718	0.679462451775209	0.935507377393223
ARHGEF2	0.298806782500353	-0.98195612313595	2.46617912586605	-0.39816901896415	0.690505601280945	0.935507377393223
NETO2	0.296986794275759	-0.981988622440695	2.42898404566626	-0.404279568732754	0.686007147998561	0.935507377393223
CHP1	1.95845193448308	-0.982019733074618	1.73750695572228	-0.565188950663162	0.571945251355211	0.935507377393223
VPS37B	0.293571872765688	-0.982152865881508	2.3597688699989	-0.416207230448788	0.677258369326796	0.935507377393223
RP11-157G21.2	0.27893128604757	-0.982211205085284	2.44441441211375	-0.401818611532379	0.687817523949806	0.935507377393223
TSPAN15	0.289114399661621	-0.982289035729702	2.38242158625246	-0.412306974297878	0.680114437400601	0.935507377393223
KMT2D	0.297410319171715	-0.982357401464892	2.36582985946737	-0.415227408485771	0.67797543616405	0.935507377393223
CNDP2	0.300368943656309	-0.982527551391645	2.45990020849927	-0.399417646291864	0.689585493680027	0.935507377393223
NOL9	0.317304826938908	-0.982820674842555	2.40850635146849	-0.408062313908086	0.683227926879009	0.935507377393223
RBM38	1.96707166500507	-0.983694735000228	1.58440967319895	-0.620858829404979	0.534692511787732	0.935507377393223
NDUFC1	3.75808395265261	-0.983729135128224	1.10233017770565	-0.892408785519894	0.372173863794588	0.935507377393223
ZNF224	0.287853374767223	-0.983867461391953	2.46128894187156	-0.399736676443937	0.689350475397579	0.935507377393223
CDK5RAP2	0.297384637373359	-0.983986508664348	2.64117932319428	-0.372555736758647	0.709479121679277	0.935507377393223
LONP2	0.303990209326451	-0.984486952005045	2.36560496711999	-0.416167097080291	0.677287734544128	0.935507377393223
ATN1	0.290938860305328	-0.984760800627987	2.37460743699178	-0.414704672986079	0.678358111074076	0.935507377393223
IRF1	0.324481519619898	-0.985410166712325	3.00033551058551	-0.328433324618428	0.742584049734472	0.935507377393223
HIST3H2A	0.301054062056043	-0.985847489347331	2.62645475505556	-0.375352930580552	0.707398005960264	0.935507377393223
CDK5RAP1	0.298913592599449	-0.986058304469112	2.49744723509731	-0.394826481461456	0.692970950015468	0.935507377393223
PARD6B	3.94907701317714	-0.986508601899633	1.24008115834192	-0.795519386181682	0.426311438625073	0.935507377393223
TMEM51	0.287469494935049	-0.987244266424981	2.29612905129071	-0.429960269815856	0.667224542254417	0.935507377393223
ZFP36L2	0.282141885053039	-0.987714933892082	4.38981110306915	-0.225001693854553	0.821977956542911	0.935507377393223
SRFBP1	0.31758916122091	-0.987771487722258	2.40666441158093	-0.410431750670795	0.681489259127466	0.935507377393223
IL6R	0.311933356839025	-0.988019558313379	2.47980597682217	-0.398426154121746	0.690316082142659	0.935507377393223
RSL24D1	3.8809849554215	-0.98823789858544	1.13554956855818	-0.870272796492903	0.384151341653774	0.935507377393223
VTI1B	5.65195268883032	-0.988366554994855	0.997035099451959	-0.991305677742069	0.321536341410981	0.935507377393223
ESRP2	0.28842969613173	-0.988411374217654	2.48776442386686	-0.397309071845844	0.691139558417574	0.935507377393223
TCF3	0.295931187499157	-0.989007447467242	2.33395811661191	-0.423746870360696	0.671750428933617	0.935507377393223
DUT	0.288887335562313	-0.989372362174012	2.64756449715086	-0.373691505245184	0.708633846048647	0.935507377393223
RAB28	0.287397816923194	-0.989698209224735	2.35612073321861	-0.420054114914877	0.674445921828892	0.935507377393223
SMKR1	0.290687527535692	-0.989737574320875	2.56412875479482	-0.385993711302564	0.699501326244559	0.935507377393223
PEX14	0.287554291939875	-0.990080165810366	2.49326627707068	-0.397101655332861	0.691292499307601	0.935507377393223
NLN	0.30919179762689	-0.990098495122477	2.45085349542408	-0.40398110167379	0.686226616243452	0.935507377393223
ZNF746	0.293375073109235	-0.990361452205868	2.31595570168129	-0.427625386568019	0.668923880157045	0.935507377393223
LMAN2L	0.301853297583112	-0.990511030260141	2.47708794241506	-0.399869142027486	0.689252901469391	0.935507377393223
DYNLRB1	3.76380542709506	-0.990810927211054	1.09400406176344	-0.905673901807965	0.365108480078456	0.935507377393223
IL18	0.270517864187405	-0.990856333145478	2.79035553202642	-0.355100388381654	0.722514385699521	0.935507377393223
PKN2	0.31758859423476	-0.991199309285044	2.49040889703035	-0.398006652829977	0.690625281764719	0.935507377393223
NT5DC2	0.281062625916512	-0.991461018634614	2.67868947327042	-0.370129135358171	0.711286274376487	0.935507377393223
FLOT2	0.291686586874091	-0.991612870019018	2.44466941920056	-0.405622478945758	0.6850200095937	0.935507377393223
XPO5	0.293839184832813	-0.99183248926443	2.38365618486137	-0.416097126575373	0.677338932493243	0.935507377393223
PAWR	7.69776392880843	-0.992022783288279	0.988381204396897	-1.00368438703122	0.315530764938662	0.935507377393223
C6orf211	0.295655986671656	-0.992319459803717	2.40578499130853	-0.412472213181438	0.679993343260081	0.935507377393223
ZFP36	0.300515642462152	-0.992608661404939	2.39915399206578	-0.413732784426338	0.679069814426373	0.935507377393223
THAP2	0.27419537100295	-0.993404434783147	2.35183729699822	-0.422395050903854	0.672736689687414	0.935507377393223
ZFX	0.350467761758625	-0.993714416813037	2.48944310660701	-0.399171370567059	0.689766936821374	0.935507377393223
PGGT1B	0.328279262728902	-0.994464283341535	2.5156925240782	-0.395304383911515	0.692618264445428	0.935507377393223
MID1IP1	0.304148734978984	-0.99492810482679	2.46426678171319	-0.403742042951657	0.686402419547884	0.935507377393223
DPH5	0.285882598970064	-0.995008781580437	2.30294471165655	-0.432059344084171	0.665698282413871	0.935507377393223
RNF103	0.302270992697763	-0.99501817371692	2.37994993598249	-0.418083657422045	0.675885953192974	0.935507377393223
CMIP	0.308149975145167	-0.995498856137731	2.37015708625863	-0.420013872459887	0.674475319542474	0.935507377393223
RPL5P34	0.263525426909667	-0.995524335768936	2.47043828314605	-0.402974784903818	0.686966774163168	0.935507377393223
CUEDC1	0.30335265666268	-0.995779350456121	2.46226792615533	-0.404415514606879	0.68590719330673	0.935507377393223
MFAP1	0.313432549229144	-0.996240390969286	2.45606202674678	-0.405625094203697	0.685018087709517	0.935507377393223
USP38	0.29229966344331	-0.996307632227489	2.35759913777691	-0.422594162113138	0.672591386674092	0.935507377393223
NUFIP1	0.30080356934666	-0.996814937992801	2.44563407609005	-0.407589568586015	0.683575023939048	0.935507377393223
TNKS2	0.300661762029438	-0.996854320805417	2.38261717155579	-0.418386274012496	0.675664720506605	0.935507377393223
UQCRH	16.6022972780829	-0.996881945716388	0.591665510747416	-1.68487418585053	0.0920128479804667	0.935507377393223
TRIM41	0.29222561072987	-0.996931443711349	2.5409956053036	-0.392338909060111	0.694807818215299	0.935507377393223
UBE2Q2P1	0.308963177246881	-0.997151752851262	2.53131103997106	-0.393926995578806	0.693634938941416	0.935507377393223
MED1	0.317845553755104	-0.997484137284091	2.47285977856766	-0.403372704724025	0.68667406349637	0.935507377393223
SYNRG	0.310069444148523	-0.997786924516181	2.36669960427632	-0.421594241497024	0.673321210191153	0.935507377393223
NDUFB8	3.7223779424477	-0.997866919682444	1.12334006529246	-0.888303507115323	0.374377513691267	0.935507377393223
RC3H2	0.289661900233512	-0.997952783186713	2.40267757998993	-0.415350270672146	0.677885505450182	0.935507377393223
VCPKMT	0.32934156349788	-0.998077662641237	2.43999113473523	-0.409049708596396	0.682503182180619	0.935507377393223
FAM83G	0.287177592279849	-0.998131475819264	2.44526499520165	-0.408189491845628	0.683134562260247	0.935507377393223
ACTR3	1.98181860533706	-0.998142918784618	1.63920954351578	-0.608917220335236	0.542579309393912	0.935507377393223
FRAT2	0.279521615235626	-0.998355876328194	2.4584318837191	-0.406094585308537	0.684673104106863	0.935507377393223
GPATCH4	2.00281550084288	-0.998865616573754	1.5640340780118	-0.638646964677084	0.523052621537524	0.935507377393223
UNG	0.299632260310247	-0.999359715160125	2.30217249905442	-0.434094193884514	0.664220041556024	0.935507377393223
RP5-906C1.1	0.280454858245456	-1.00033132062393	2.53584118653179	-0.394477117075326	0.693228818340252	0.935507377393223
MFSD11	0.289774981443455	-1.00036954672216	2.4356468393402	-0.410720277900859	0.681277656148287	0.935507377393223
PTPRA	0.301038347377106	-1.00041601183378	2.38666118305487	-0.419169683127487	0.675092126924116	0.935507377393223
PPIH	0.296320068108746	-1.00061936404972	2.36335078333992	-0.423390116737402	0.672010654526915	0.935507377393223
TP53BP1	0.310836151919783	-1.00107181415662	2.34671211939793	-0.426584840075504	0.66968174157973	0.935507377393223
MEN1	0.281172947151119	-1.00167667754358	2.33469962259113	-0.4290387799146	0.667895003241082	0.935507377393223
ATP11C	0.305232021862494	-1.0017649214774	2.4429247554697	-0.41006785789634	0.681756170173075	0.935507377393223
MAN2A2	0.300180408258459	-1.00211373803744	2.37230812153458	-0.422421408475896	0.672717454334399	0.935507377393223
FBXL19	0.284936942674944	-1.00215065355461	2.46632976049817	-0.406332790369519	0.68449809539255	0.935507377393223
EPHA4	0.299982141542418	-1.00244325026676	2.58373171035544	-0.387982717496955	0.698028823232104	0.935507377393223
SLC20A2	0.278028036741556	-1.00268679997662	2.2492775917663	-0.445781705044789	0.655754938353571	0.935507377393223
DIP2A	0.306015027329776	-1.00318063803333	2.30536004704073	-0.435151393953002	0.663452540872076	0.935507377393223
AP2A2	0.294285123180883	-1.00318447211404	2.4475695306814	-0.409869652133952	0.681901568513478	0.935507377393223
POLD4	0.276278336413681	-1.00331689665134	2.359416428475	-0.425239429777062	0.670662143207923	0.935507377393223
MFN2	0.3058970318451	-1.00354240574194	2.33954657853455	-0.428947393033114	0.66796150929983	0.935507377393223
N6AMT2	0.287211157367673	-1.00402314087335	2.43578276370661	-0.412197325571634	0.680194797243711	0.935507377393223
IRF2BPL	0.308923864755666	-1.00423609556083	2.6235070889399	-0.382783831533925	0.701880050695125	0.935507377393223
IRS2	0.320850510759889	-1.00423664570913	2.67313504826766	-0.375677482647177	0.707156679944097	0.935507377393223
CCNT1	0.307080089570475	-1.00511510966045	2.36721549062918	-0.424598062001235	0.671129706025399	0.935507377393223
NUP88	0.300704398125572	-1.00546431528593	2.44486091538867	-0.411256243231363	0.680884651107062	0.935507377393223
SEPT11	0.315486780564559	-1.006029476839	2.42576510601531	-0.41472666679238	0.678342008566887	0.935507377393223
HGS	1.87474285011752	-1.00675266599075	1.51727991634122	-0.66352467672441	0.506994580510615	0.935507377393223
GNPTG	0.298881773446067	-1.00714244299773	2.42675274479654	-0.415016505145508	0.678129820541755	0.935507377393223
PRR5	0.298836959191891	-1.00715984619133	2.33300789207339	-0.431700145384525	0.665959361742515	0.935507377393223
SF3B3	0.312447156043708	-1.00742596962161	2.38852821520461	-0.421776876324364	0.673187885429187	0.935507377393223
PHACTR4	0.312865251026574	-1.00754966752781	2.45542315146264	-0.410336469674334	0.681559142760346	0.935507377393223
AAR2	0.295809936175655	-1.00806342916259	2.39611339877048	-0.420707730143264	0.673968515765251	0.935507377393223
RP11-894P9.1	0.304878715286822	-1.00845992011608	2.27817363144597	-0.442661571618669	0.658010542058448	0.935507377393223
PRICKLE2-AS1	0.323212578959458	-1.00942564322108	2.35121832942264	-0.42932025094792	0.667690181374571	0.935507377393223
ACTR8	0.291021257294675	-1.00969852111549	2.40261928013071	-0.420249071280472	0.674303510331931	0.935507377393223
CCDC71	0.297743374065985	-1.0102761549828	2.52502827005759	-0.400104888710715	0.689079263639679	0.935507377393223
SLC35B3	0.294260656637456	-1.0108202338773	2.34333012281814	-0.431360576998712	0.666206210239229	0.935507377393223
TAF1C	0.295103064945381	-1.01092727206913	2.36855314086985	-0.426812155752547	0.669516151962728	0.935507377393223
ZNF544	0.314054193390816	-1.01100150373455	2.36745754198705	-0.42704102853139	0.669349444294926	0.935507377393223
SDC1	0.31022027203907	-1.0112123724862	2.52526489290059	-0.400438138323263	0.688833838542482	0.935507377393223
TRMT10A	0.307647628373925	-1.01169052383009	2.50395512682205	-0.404037002497764	0.68618550933853	0.935507377393223
ZBTB21	0.322756526784171	-1.01191076178437	2.5013308776009	-0.404548942663242	0.685809095192934	0.935507377393223
GMEB2	0.299093247421182	-1.01261344776818	2.36093405502402	-0.42890374070947	0.66799327784297	0.935507377393223
PAPD5	0.303871003821215	-1.0128763042484	2.30883837011775	-0.438695197272187	0.660882407546517	0.935507377393223
CUL2	0.308412187270826	-1.01295265063513	2.35015928776746	-0.431014466086418	0.66645785202303	0.935507377393223
GFM2	0.297475368261173	-1.01346046061444	2.46303020574839	-0.411468953262999	0.680728702121744	0.935507377393223
PMEPA1	3.84429356498086	-1.01360235446676	1.32019543786962	-0.767766896772795	0.442625684508864	0.935507377393223
EIF3G	7.591538512628	-1.0142669757664	0.819894292581114	-1.23707041864309	0.21606094074724	0.935507377393223
TNFRSF10A	0.290389926508503	-1.01474210878644	2.40971837863637	-0.421104025176861	0.673679122445383	0.935507377393223
ITGAV	0.298704778404255	-1.01514252976393	2.35382313174814	-0.431273920317879	0.666269210916531	0.935507377393223
ERLEC1	2.00373610111568	-1.01522447642633	1.57143387947617	-0.646049757285842	0.51824713205679	0.935507377393223
WFS1	0.286371759328095	-1.01532015565294	2.45844336729402	-0.412993103343474	0.679611666637449	0.935507377393223
PRMT7	0.298428183991392	-1.01544504304332	2.40023619186721	-0.423060466500747	0.672251145131682	0.935507377393223
FAM20B	0.285311600706379	-1.01572976365865	2.38323505999074	-0.426197894077054	0.669963651894521	0.935507377393223
TRPC4AP	0.304654462593395	-1.0160761822846	2.31670868511315	-0.438586080681513	0.66096148460427	0.935507377393223
RCL1	0.31275449341448	-1.01619425376167	2.39209830169099	-0.424812915524131	0.67097306170239	0.935507377393223
CIART	0.310356849782597	-1.01622135568315	2.58670093171985	-0.392863876616568	0.694420023089347	0.935507377393223
ADO	0.315577748485165	-1.01656033320799	2.29299720877927	-0.443332564608389	0.65752520475487	0.935507377393223
EIF2AK2	2.02067172316252	-1.01659651526354	1.58489310841351	-0.641429071693771	0.521243949880138	0.935507377393223
TMEM97	0.300455134434865	-1.01718375722433	2.7184486262656	-0.37417803205708	0.708271866742379	0.935507377393223
HDAC7	0.322785882857488	-1.01746220229435	2.29250081149151	-0.44382195949252	0.657171310574394	0.935507377393223
PLEKHA1	0.304482703150382	-1.01829154514345	2.41137260350427	-0.42228710057651	0.672815472420073	0.935507377393223
AP1S3	0.300878686396771	-1.01884294826944	2.43181269228925	-0.418964401123481	0.675242149339096	0.935507377393223
CTBS	0.29329461861183	-1.02036934822269	2.44305730995372	-0.417660831805054	0.676195113481614	0.935507377393223
UMAD1	0.302488803101365	-1.02067271500743	2.3295310777693	-0.438145137769442	0.661281075540295	0.935507377393223
TRIM24	0.30371353169649	-1.02069297002819	2.41902966738967	-0.421943138518675	0.673066521739238	0.935507377393223
CDC23	0.313920245420508	-1.02120613281086	2.31379210122242	-0.44135604589165	0.658955257527579	0.935507377393223
EP400	0.320864090399041	-1.02122884371618	2.26357702438323	-0.451157099014309	0.651876327154206	0.935507377393223
MORC4	0.321574611160969	-1.02144554615906	2.60586574945174	-0.391979343668784	0.695073476359066	0.935507377393223
ESYT2	0.302963449694222	-1.02167549991105	2.447692026719	-0.417403614816912	0.676383211294122	0.935507377393223
OTUD6B-AS1	1.97101180651856	-1.02181252655839	1.57647956197177	-0.648160972845326	0.516880841098323	0.935507377393223
IPPK	0.316893845387578	-1.02183455867534	2.46277881991737	-0.414911217528508	0.678206897698727	0.935507377393223
EGLN1	0.28753915413322	-1.02266731832545	2.41669172393356	-0.423168295814284	0.672172476436369	0.935507377393223
PRR15	0.277921121596163	-1.02270080905881	2.59137330089213	-0.394655918044199	0.693096839638485	0.935507377393223
PDRG1	2.05184093033812	-1.02270729632671	1.61006745729877	-0.635195309172026	0.525301042234888	0.935507377393223
SLC25A28	0.290339133823765	-1.02276935711459	2.37812020580929	-0.430074709687156	0.667141296205295	0.935507377393223
PPM1K	0.297956218670298	-1.02291396776431	2.40345528652827	-0.425601413722109	0.670398309968316	0.935507377393223
UTP14A	0.316422197438906	-1.02320754407637	2.42117966875905	-0.422607028003337	0.672581998107259	0.935507377393223
ABAT	0.305612804449247	-1.02370247952333	2.34285104713604	-0.436947317147936	0.662149555303255	0.935507377393223
INO80C	0.307597473487835	-1.02397102575062	2.31072365405704	-0.44313867820273	0.657665430303486	0.935507377393223
STX2	0.309188276654184	-1.02447397051503	2.40075577332074	-0.426729774806693	0.669576161055039	0.935507377393223
GNAI2	1.94993316442943	-1.02513904069779	1.56551082594619	-0.654827180820165	0.51257902838834	0.935507377393223
FAM206A	0.309545156838718	-1.02528617131691	2.30152336438101	-0.445481539394519	0.655971797785133	0.935507377393223
OPA3	0.308249844818174	-1.02557868414163	2.37711806944386	-0.431437839510247	0.666150041246548	0.935507377393223
RP11-332H14.2	0.321260546042965	-1.02607428988943	2.40636422911277	-0.426400242106216	0.669816225013679	0.935507377393223
TMEM177	0.311712812654112	-1.02614827678913	2.43317652326525	-0.42173194874167	0.673220681941409	0.935507377393223
SIVA1	5.7598409552013	-1.02623670071605	0.96300235357934	-1.06566375139342	0.286575669287189	0.935507377393223
TGFBR1	0.294452104607792	-1.02645709584702	2.3586136693783	-0.435195093275951	0.663420823854143	0.935507377393223
RANBP3	0.31402906586339	-1.02692949348864	2.39606791561707	-0.428589476448197	0.668222005275845	0.935507377393223
PRCC	1.95585897361643	-1.02723437454345	1.53392956732951	-0.669675059678138	0.503064953833688	0.935507377393223
F2RL1	0.320532254405087	-1.02785551595786	2.4417546042844	-0.420949555763853	0.673791917553467	0.935507377393223
ZCCHC7	0.322921081755191	-1.0278757111011	2.39560221142167	-0.429067775192572	0.667873902708564	0.935507377393223
SLC41A2	0.322493725706999	-1.02791886860152	2.35263947841143	-0.436921541967665	0.662168248596759	0.935507377393223
ZNF84	0.312892434190286	-1.02834788878276	2.33493968556366	-0.440417324327808	0.65963487968598	0.935507377393223
TRIO	0.308692570823805	-1.02838051707991	2.44353382970189	-0.420857900381668	0.673858848696225	0.935507377393223
GBE1	0.332461844277257	-1.02839515634372	2.4541762093208	-0.419038841806854	0.675187745752613	0.935507377393223
SLC9A1	0.326649321586175	-1.02858609351021	2.32827580328217	-0.441780175724977	0.658648285366757	0.935507377393223
MPRIP	0.286709977264348	-1.02883359849615	2.41540862999861	-0.425945981031267	0.670147208660083	0.935507377393223
FKBPL	0.295976623493348	-1.02966289489822	2.45624633311187	-0.419201804402784	0.675068653499922	0.935507377393223
PNPO	0.320561843830269	-1.03019345180276	2.3908070367769	-0.430897783031285	0.666542695523182	0.935507377393223
CCDC57	0.289790310680969	-1.03024550871021	2.51772589304546	-0.409196851633447	0.682395204680599	0.935507377393223
SAMD8	0.325904375695004	-1.03060090727328	2.26578960878561	-0.454852870397642	0.649215091002173	0.935507377393223
SIPA1L1	0.317426719704617	-1.03151796536725	2.30696498850779	-0.447132041667639	0.654779725354963	0.935507377393223
MYADM	0.321513105732714	-1.03187039266749	2.44382850038382	-0.422235190605817	0.672853357876196	0.935507377393223
NUDCD1	0.32505942858743	-1.03207749608826	2.34198598259777	-0.440684745236373	0.659441241791521	0.935507377393223
PRPH	0.314051699363151	-1.03234736408026	2.38833897613807	-0.432244909284009	0.665563422411917	0.935507377393223
MAK16	0.317621115399733	-1.03308267136914	2.39007077984686	-0.432239362984612	0.665567453042941	0.935507377393223
RP11-475C16.1	0.275289882721084	-1.03340457399772	2.32867468522899	-0.443773696924135	0.657206207079	0.935507377393223
C1orf198	0.305268180862144	-1.03417852868512	2.29264537744369	-0.451085256734399	0.651928103150407	0.935507377393223
PPIC	2.01486273699902	-1.03445443294004	1.60976256017899	-0.642613052713203	0.520475211368118	0.935507377393223
PHKB	0.303744394386089	-1.0349944450254	2.31799304252864	-0.44650455201382	0.655232825205571	0.935507377393223
PPFIA3	0.29189827892461	-1.03506042602891	2.706260304396	-0.38246890897656	0.702113586156212	0.935507377393223
AFG3L1P	0.331637957093592	-1.0353783106132	2.34698422064161	-0.44115265092415	0.659102488955351	0.935507377393223
KYNU	0.331167978759915	-1.0357860484644	3.28238385688159	-0.315559085599586	0.752337196896136	0.935507377393223
RB1CC1	2.05166810407346	-1.03602838524857	1.57837444451426	-0.656389482767766	0.511573555679413	0.935507377393223
PAN3	0.346088140607	-1.03645266182502	2.44852673110329	-0.423296445433535	0.672078987387157	0.935507377393223
FBXO33	0.323597709546941	-1.0365919417795	2.30308374163603	-0.450088688934579	0.652646492347644	0.935507377393223
ZC3H7A	0.331487689008103	-1.03702782343249	2.36579013682888	-0.438343117290414	0.661137574356545	0.935507377393223
TBC1D13	0.28862356908411	-1.03785379180005	2.28410302580458	-0.454381339228103	0.649554381101304	0.935507377393223
ZNF467	0.296895867145557	-1.03850690148449	2.67993954190279	-0.387511317045284	0.698377708357155	0.935507377393223
NCOA4	0.309427526235453	-1.03946592589309	2.344358998604	-0.443390251455541	0.65748348590035	0.935507377393223
CD2AP	0.340319276672855	-1.04001278752586	2.40568104877805	-0.432315326279072	0.665512249504589	0.935507377393223
C19orf47	0.277423038261426	-1.04061362700527	2.3750472309238	-0.4381443928593	0.661281615495848	0.935507377393223
PRKRIR	0.326745064374409	-1.04124025607583	2.28193054728869	-0.456297961089566	0.64817572991942	0.935507377393223
CAMTA2	0.303768329396096	-1.04259314559568	2.93429657620794	-0.355312804455182	0.722355263931633	0.935507377393223
SORT1	0.284581265643782	-1.04275942067804	2.45438082427718	-0.424856407923222	0.670941354223135	0.935507377393223
FXN	0.305793538713565	-1.0428390267139	2.34095271061406	-0.445476331916314	0.655975560266264	0.935507377393223
EIF3M	3.89884066741194	-1.04311307221499	1.09024300087367	-0.956771170628096	0.338682766525866	0.935507377393223
PPAP2B	0.325758712825111	-1.04312927727331	2.39044763082773	-0.436374034645601	0.662565374682649	0.935507377393223
FAM98C	0.303372315662105	-1.04322310290094	2.38838895196047	-0.436789452590889	0.662264048921453	0.935507377393223
TOR1AIP1	0.307587051787903	-1.04352160991048	2.42752970983252	-0.429869758414812	0.667290385115371	0.935507377393223
DNAH14	0.328886764444789	-1.04371912675344	2.38307518436987	-0.437971547687206	0.661406908808336	0.935507377393223
TTC17	0.311869269791952	-1.04389207043868	2.32513713997107	-0.448959354909995	0.653460977387826	0.935507377393223
EML3	0.300226859376981	-1.04417295285	2.28316241139756	-0.45733625765626	0.647429372642722	0.935507377393223
COPRS	1.99626837850474	-1.04458679918336	1.51671524283339	-0.688716490533813	0.49100169666452	0.935507377393223
EPB41	0.317758916933797	-1.0450891840305	2.37243768164724	-0.440512807613504	0.659565738186409	0.935507377393223
TPP1	0.319391698408702	-1.04547781978241	2.29541850867367	-0.455462834263937	0.648776299650298	0.935507377393223
RPLP0P2	0.288406946647464	-1.04583081249296	2.38888013457722	-0.437791246766783	0.661537616807651	0.935507377393223
RALGPS1	0.309023046336682	-1.04596576305605	2.32346151111919	-0.450175635813402	0.65258380268843	0.935507377393223
CASKIN2	0.311685872275567	-1.04656346585238	2.26337038956885	-0.462391604430127	0.643800518844156	0.935507377393223
ICOSLG.1	0.296697547403133	-1.04752784051167	2.45539667512889	-0.426622651697075	0.669654196338911	0.935507377393223
ASPHD1	0.290040469971279	-1.04791715908876	2.39258836902815	-0.437984725101048	0.661397356331123	0.935507377393223
C1orf43	5.97288854535737	-1.04797428093287	0.920209606871065	-1.13884301262213	0.254768638008567	0.935507377393223
RPL14P1	0.305346253335791	-1.04812752672349	2.25394014602761	-0.465020124234765	0.641917045241703	0.935507377393223
GTF3C2	0.298007376698679	-1.04836075859514	2.29804489217505	-0.456196814154874	0.648248456145709	0.935507377393223
TMEM55B	2.0276180197797	-1.0483748922786	1.53269795560392	-0.684006192117294	0.493971255724276	0.935507377393223
TBCB	5.81562681105426	-1.04867851027586	0.953293225609664	-1.10005870397872	0.271306545139461	0.935507377393223
C15orf40	2.00635613849012	-1.04869355553479	1.51009492006184	-0.694455389262446	0.487396668050256	0.935507377393223
SKIV2L2	0.310089826327035	-1.04940255411687	2.42172425111561	-0.433328672177867	0.66477601103278	0.935507377393223
CHFR	0.307713142709516	-1.05023300032741	2.308664176987	-0.454909384741288	0.649174431006453	0.935507377393223
CARS2	0.311189579996724	-1.05073409378189	2.31619101760132	-0.453647426225687	0.650082612580895	0.935507377393223
LINC00960	0.320698227313869	-1.05092803249741	2.33877970157657	-0.449348877018635	0.653180004112937	0.935507377393223
ADAP1	0.312893673367635	-1.05151552940419	2.43437752299331	-0.431944314089478	0.665781886197225	0.935507377393223
EML2	0.298534350778011	-1.05247435306428	2.38915901487498	-0.440520847089514	0.659559916761754	0.935507377393223
UBE4B	0.32300991368739	-1.05276801426462	2.40763202810706	-0.43726283833013	0.661920742540842	0.935507377393223
PXDC1	0.331082129054087	-1.05279155934723	2.44031492354812	-0.431416268936517	0.666165722627066	0.935507377393223
METTL16	0.335855812816072	-1.05362550678275	2.28887453537421	-0.460324710026313	0.645283167358713	0.935507377393223
RNF20	0.311453237520787	-1.05399787732361	2.38389616455677	-0.442132460714612	0.658393356022031	0.935507377393223
PLEC	0.307404628612146	-1.0541713829117	2.56657373641637	-0.410730994381485	0.681269797271646	0.935507377393223
GBAS	0.310266990284341	-1.05434674385251	2.41541305507143	-0.436507843508916	0.66246830969901	0.935507377393223
ST20-AS1	0.309178239799953	-1.05452330899386	2.34752993627156	-0.449205478788779	0.653283435579996	0.935507377393223
PLEKHO1	1.98876496745046	-1.05469221647452	1.53368481510388	-0.687685113712943	0.491651096339973	0.935507377393223
KIF1A	0.351169644901981	-1.05490235742437	2.78006766930025	-0.379452043226664	0.704352210046282	0.935507377393223
GLCCI1	0.313738639072503	-1.05500186798753	2.47630834478463	-0.426038166938894	0.670080034994018	0.935507377393223
SMG6	0.326184734983443	-1.05506859851495	2.29688713590583	-0.459347166877167	0.645984881773034	0.935507377393223
ABCA5	0.318844198603469	-1.05517552520368	2.40500918672745	-0.438740746200427	0.660849399247605	0.935507377393223
UBE2T	0.323629980745711	-1.0554914302873	2.70022652678023	-0.390889956757027	0.695878577905009	0.935507377393223
MTMR9	0.326310524346931	-1.05559529112855	2.26718175856095	-0.465597999429289	0.641503275229299	0.935507377393223
STK3	0.333565159580137	-1.05614112182918	2.37305851421501	-0.445054816601748	0.656280140344681	0.935507377393223
AKIP1	0.308493031235	-1.05626667222432	2.32362497581753	-0.454577086757596	0.64941352220095	0.935507377393223
BAX	3.97167256252283	-1.05675636529703	1.11094268660567	-0.951224917394973	0.341490212052964	0.935507377393223
HIGD2A	5.82145680960918	-1.05677988214132	0.917862816272755	-1.15134839695618	0.249588934136349	0.935507377393223
MPZL2	0.319793873540965	-1.05739020618738	2.52457356179187	-0.418839134731681	0.675333701777487	0.935507377393223
SMC5	0.346829090416503	-1.0577859883004	2.35610901935371	-0.448954602529621	0.653464405717226	0.935507377393223
RPN2	2.06864470019808	-1.05785991667872	1.67325678476128	-0.632216122661434	0.527245663506388	0.935507377393223
GIGYF1	0.389202989728159	-1.05850699891692	2.68899167361247	-0.393644580347434	0.693843462799252	0.935507377393223
FBXW4	0.330093553009861	-1.05940645984082	2.32490139714341	-0.455678017632278	0.64862153168767	0.935507377393223
MED25	0.305295160977684	-1.05941256917563	2.28561854691437	-0.463512413567809	0.642997119044363	0.935507377393223
COQ4	1.92216241143587	-1.05945900085041	1.50922775273776	-0.701987489249741	0.482686965597605	0.935507377393223
KIAA1033	0.338560549843815	-1.05946767427499	2.27386350116804	-0.465932837978517	0.641263575166335	0.935507377393223
NUP214	0.320806219309694	-1.05967658005	2.29302970946269	-0.462129459412151	0.643988485408875	0.935507377393223
DDIT3	6.07025447715605	-1.0599761436486	1.14279436710373	-0.927530073791818	0.353651384765837	0.935507377393223
ZC3HC1	0.330808723940435	-1.06046668816419	2.33252323576441	-0.454643568777422	0.649365684937556	0.935507377393223
FBXL6	0.306863219558953	-1.06058460412663	2.3395660481355	-0.453325352781493	0.650314479434092	0.935507377393223
SEH1L	0.317388060283901	-1.06143747902858	2.29114986913048	-0.463277192526656	0.643165691716677	0.935507377393223
ATAD3B	0.306267943019835	-1.06199905151557	2.34540840210427	-0.452799201436628	0.650693338706776	0.935507377393223
ACOX1	0.324541379065545	-1.0622287098028	2.35275944686558	-0.451482071921093	0.65164214347183	0.935507377393223
TULP4	0.319148013332925	-1.06282564348131	2.419684763139	-0.439241367169885	0.660486653803714	0.935507377393223
PCIF1	0.308284011813343	-1.06291548148449	2.32699425825168	-0.4567761513443	0.647831949109535	0.935507377393223
URI1	2.10866038152752	-1.06312195056944	1.55484976078535	-0.683745772345528	0.494135714560342	0.935507377393223
TMEM184C	0.334618219205727	-1.06328663111162	2.33291934371649	-0.455775135979515	0.648551685493388	0.935507377393223
TSPYL5	0.33722082012685	-1.06401572708432	2.3195791690102	-0.458710675324073	0.646441946952727	0.935507377393223
CH17-340M24.3	0.316319137163623	-1.06447745057634	2.35948531076182	-0.451148157490604	0.651882771127441	0.935507377393223
BRF1	0.322185865557742	-1.06473600566164	2.33902281671096	-0.455205480705329	0.648961417917237	0.935507377393223
ZNF165	0.344660606327869	-1.06528807953593	2.53586688567158	-0.420088327804243	0.674420929193755	0.935507377393223
ZNF430	0.30615895854972	-1.06564326780422	2.42552227574344	-0.439345900246411	0.660410920141424	0.935507377393223
APEX2	0.316336395559403	-1.06639865197535	2.36903742909567	-0.450140060633161	0.652609452489438	0.935507377393223
FAM8A1	0.309157321706631	-1.06664640305789	2.28183184844956	-0.467451799212392	0.640176669941679	0.935507377393223
PPP4R1	0.316182421009307	-1.06697904882559	2.36384161865825	-0.451375016161711	0.651719286761416	0.935507377393223
SNHG9	0.301190169254704	-1.06708455092177	2.33298585200203	-0.457390065184521	0.647390703903389	0.935507377393223
VSIG10	0.332211995256565	-1.06750901927315	2.36207972346685	-0.451936066622831	0.651315040955723	0.935507377393223
RP11-329L6.2	0.310808355077187	-1.06786508971037	2.53674931719671	-0.42095806726793	0.673785702177225	0.935507377393223
HIP1R	0.299210339565666	-1.06841981977364	2.31548411574814	-0.461423946943565	0.644494474046515	0.935507377393223
IPO5	0.314998020304573	-1.06878164875397	2.24623391427683	-0.475810485257525	0.634209399205846	0.935507377393223
HSP90AA2P	0.336760165541298	-1.06897449579418	2.52076997677412	-0.424066656475403	0.671517201857962	0.935507377393223
SETD2	0.354595781207909	-1.06935608118925	2.44063582402663	-0.438146515208072	0.661280077090618	0.935507377393223
PQLC1	0.319137569592778	-1.06947994482531	2.34687984664698	-0.455702896913658	0.648603638552398	0.935507377393223
UBE2D4	0.323517063299	-1.06978000807828	2.23399098048593	-0.478864962939816	0.632034697948107	0.935507377393223
FBXO44	0.310510126972738	-1.06996504441564	2.38023130759515	-0.449521456591827	0.653055533320964	0.935507377393223
PXMP2	0.307612987294328	-1.07035615930963	2.36374565385817	-0.452822052813748	0.650676882523351	0.935507377393223
RABL3	0.3110013900059	-1.07172340351111	2.44990392259925	-0.437455278807036	0.661781202154375	0.935507377393223
GOLGA6L10	0.335050180989971	-1.07202564892465	2.31638098206423	-0.462801955820465	0.6435063292041	0.935507377393223
SH3D19	0.325353334463469	-1.07246777231615	2.26143338776727	-0.47424247741164	0.635327005783782	0.935507377393223
CCDC94	0.30912914308237	-1.07261566712469	2.36947391504005	-0.452680934918231	0.650778509840494	0.935507377393223
NOP14	0.338890918341019	-1.07261875858855	2.39094752638365	-0.448616603565073	0.653708254238196	0.935507377393223
GNPAT	0.32046824906215	-1.07295902633405	2.35819303671162	-0.454992025517233	0.649114975883654	0.935507377393223
RIOK1	0.326197774829407	-1.07464746072869	2.3616289094706	-0.455045014235362	0.649076854828966	0.935507377393223
PPID	2.09985323517736	-1.07505737747003	1.6117916530834	-0.666995250542103	0.50477516716194	0.935507377393223
SCAMP1-AS1	0.315160438123352	-1.07526557506809	2.35132880509945	-0.457301238659649	0.647454539529235	0.935507377393223
RBM47	0.304797743546932	-1.07550948972357	2.46341325991253	-0.436593204731615	0.662406391608056	0.935507377393223
TMEM50A	2.06443592446609	-1.0755693165037	1.52951355893325	-0.703210056701849	0.481924852860803	0.935507377393223
TMEM185A	0.340568014700308	-1.07557487467022	2.31760831897908	-0.464088286990623	0.642584493240419	0.935507377393223
KIAA2026	0.33516805921073	-1.07616234947771	2.31737664193511	-0.464388192235797	0.642369648281175	0.935507377393223
FAM122B	0.315014089987168	-1.07619750099478	2.25609164534488	-0.477018521483984	0.63334893279737	0.935507377393223
GALNT6	0.330455384882612	-1.07656066172373	2.35599750099308	-0.456944738383612	0.647710766317507	0.935507377393223
MAN2B1	0.336826626952616	-1.07674751446989	2.33402807273179	-0.461325862807487	0.644564832355609	0.935507377393223
CHCHD5	3.95502928361349	-1.07765015235145	1.10293313814817	-0.977076592476707	0.328531235138655	0.935507377393223
C17orf59	0.31883546651079	-1.07774080686433	2.34139269515889	-0.460299038727117	0.6453015910746	0.935507377393223
MCTS1	2.07650079992721	-1.07803352207019	1.5928758462543	-0.676784398862734	0.498542758091654	0.935507377393223
FOXC1	0.318564196979219	-1.07846303572124	2.34435537125669	-0.460025407813121	0.64549798337238	0.935507377393223
COQ6	0.318070460283403	-1.07922593186457	2.2957855830343	-0.470090037954752	0.638290691250946	0.935507377393223
OCIAD2	8.05405169889258	-1.07961335063575	0.866175240779201	-1.24641446650512	0.212612272917074	0.935507377393223
RUNDC1	0.347379542988207	-1.08076262148288	2.28381198473678	-0.473227493640394	0.636050884672948	0.935507377393223
VPS26B	0.313856563537998	-1.08130587148035	2.3460725892546	-0.460900432677534	0.644870041329262	0.935507377393223
PHF20L1	2.13881995135843	-1.08138817341541	1.56714749465369	-0.690035990297379	0.490171554651964	0.935507377393223
FRS2	0.322228806924283	-1.08202946519342	2.2948426268952	-0.471504865959958	0.637280245637819	0.935507377393223
UNC93B1	0.327039326838544	-1.08337577747361	2.46862279257128	-0.438858371045494	0.660764162180316	0.935507377393223
QRICH1	0.338292844419669	-1.08380120681309	2.24217891765286	-0.483369635795	0.628833303948099	0.935507377393223
NEBL	0.339427922653149	-1.08402389441174	2.32838243589739	-0.46556952058176	0.641523664037817	0.935507377393223
PPP2R5A	0.337275367939725	-1.08413471739914	2.23349179040344	-0.485399016041741	0.627393330207553	0.935507377393223
MIS12	0.305688116887693	-1.08485856786736	2.34731371386375	-0.46217025081051	0.643959235143752	0.935507377393223
MAL2	8.00139814894445	-1.08498408209654	0.878572817242611	-1.23493927970791	0.216853103273571	0.935507377393223
STRADB	0.326019522434712	-1.08505000663892	2.30779913704131	-0.470166570921763	0.638236015520559	0.935507377393223
CPSF3	0.329108543855696	-1.0855978162348	2.37622903816235	-0.456857398339995	0.647773546433651	0.935507377393223
MPP6	0.332947571829775	-1.08567237750632	2.24166170924994	-0.484315886302749	0.628161703191736	0.935507377393223
ADRBK1	0.318355790620353	-1.08592193605564	2.28969878656666	-0.474264100774561	0.6353115879496	0.935507377393223
UBR4	0.350077317128556	-1.08653959215263	2.28784977566304	-0.474917367263653	0.634845872140265	0.935507377393223
CHD2	0.34944384687555	-1.08690012200254	2.52066512862987	-0.431195762442803	0.666326034856966	0.935507377393223
NUP160	0.336003870539766	-1.08786701188353	2.32321772845105	-0.46825874241621	0.639599568744994	0.935507377393223
SNTA1	0.309480187163813	-1.08903711274546	2.355340806454	-0.462369229014046	0.643816561861239	0.935507377393223
SLC35C1	0.310017101472872	-1.08910230559	2.29214999389672	-0.47514443142462	0.634684031185384	0.935507377393223
ZNF444	0.310377083144222	-1.08987698961597	2.26458646942749	-0.481269761313862	0.630324785465016	0.935507377393223
PUS7	0.333353313980307	-1.09010440439804	2.36540110497715	-0.460853933865298	0.644903403796316	0.935507377393223
RHBDF1	0.32482331322365	-1.09047736227995	2.35731203436276	-0.462593558419061	0.643655726754937	0.935507377393223
RHPN1	0.344528252362723	-1.090593499994	2.44799891937597	-0.445504077375987	0.65595551385602	0.935507377393223
ZMPSTE24	0.348795625960793	-1.09153750678863	2.30732179194231	-0.473075541782048	0.636159285553975	0.935507377393223
G3BP2	0.337054018568615	-1.09162713198135	2.34201790479838	-0.4661053742351	0.641140076650282	0.935507377393223
CAPN10	0.319557107998155	-1.09176184587576	2.28153779931685	-0.47852016574201	0.632280024888049	0.935507377393223
OXR1	0.352996940300775	-1.09218769090854	2.3060833344535	-0.473611544991007	0.635776941170097	0.935507377393223
PKP4	0.326007454199694	-1.09262288010053	2.27150470374342	-0.48101281863951	0.630507388242317	0.935507377393223
MRPS18A	2.0722465336632	-1.09279099324789	1.55764130254005	-0.701567807341699	0.482948733900482	0.935507377393223
IFT43	2.08932412810213	-1.09345092933289	1.53624785697157	-0.711767260973388	0.47660890913335	0.935507377393223
DNAJC10	0.331717096735732	-1.09351398895867	2.37121861191119	-0.461161186685063	0.644682965992822	0.935507377393223
SEC23IP	0.333520707494667	-1.09384991688176	2.27428632461016	-0.480964030362036	0.630542063409352	0.935507377393223
IFITM3	0.352753484868643	-1.09454752807313	2.50438601893807	-0.437052243462549	0.662073460301617	0.935507377393223
TXNRD2	0.34017642227235	-1.09520289715345	2.47907383986602	-0.441779054557179	0.658649096757815	0.935507377393223
PRKAR1B	0.34209623656834	-1.09524933275901	2.38333370449035	-0.459545103019141	0.645842770873703	0.935507377393223
POLR3A	0.336307510988808	-1.09534482926381	2.37198510581427	-0.461784024941334	0.644236208012918	0.935507377393223
FAM126B	0.33010307780114	-1.09578967696602	2.46116838616746	-0.445231493759105	0.656152469359121	0.935507377393223
MPZL3	0.344392918930972	-1.09827805874291	2.33971013132248	-0.469407745874113	0.638778212783305	0.935507377393223
EID1	2.08298886176976	-1.09834438286625	1.58048379682722	-0.694941881132314	0.487091724787549	0.935507377393223
CLPX	0.347986812775997	-1.09856351171809	2.28750154670496	-0.480246019199644	0.63105246770659	0.935507377393223
NPC2	2.06650216427539	-1.0988640601655	1.58183158921606	-0.694678287914384	0.487256937728444	0.935507377393223
C14orf142	0.339644437778455	-1.09920622473864	2.39862643214598	-0.458264867762345	0.646762161267551	0.935507377393223
KIZ	0.316998441876618	-1.09924930922715	2.31353969586042	-0.475137431700014	0.634689020008339	0.935507377393223
ARHGAP17	0.335571753767171	-1.09936152033693	2.22744591327266	-0.493552509529491	0.621622247171872	0.935507377393223
chr22-38-28785274-29006793.1	0.356837696446294	-1.10058920549456	2.46460593364126	-0.446557881920103	0.655194311627715	0.935507377393223
CCDC130	0.335807709191834	-1.10097551782228	2.23707288745226	-0.492150043030625	0.622613277507934	0.935507377393223
RNF146	0.353682883338995	-1.10101689360154	2.41341873016475	-0.456206326668551	0.648241616356786	0.935507377393223
VPS52	0.309127522122151	-1.10166208128551	2.33342361766371	-0.472122624004519	0.636839264811327	0.935507377393223
PSPH	0.34216621856729	-1.1019214067517	2.30282185159329	-0.478509184715828	0.632287838672342	0.935507377393223
CTD-3252C9.4	0.346550384724448	-1.10225559677481	2.31165364311597	-0.476825583303664	0.633486326583281	0.935507377393223
DHX29	2.08482952821394	-1.10246207802155	1.50776133504545	-0.73119137120486	0.464662269962496	0.935507377393223
NKAP	2.12179843290076	-1.10258971454847	1.60843459182262	-0.685504850588335	0.493025400828725	0.935507377393223
TTC14	0.374533066875518	-1.10454484904435	2.39478730083998	-0.461228789987704	0.644634468355775	0.935507377393223
SPIN1	0.333685243772125	-1.10473693897798	2.31418630307302	-0.477375973365237	0.63309442008326	0.935507377393223
DGKE	0.364377564546537	-1.10489785848765	2.31609513375331	-0.477052018453631	0.633325080457998	0.935507377393223
FAM60A	0.343154348577066	-1.10563928821953	2.30254569697954	-0.480181257496821	0.631098512767445	0.935507377393223
FAM214B	0.339679538228346	-1.10601713229435	2.47593224138978	-0.44670735079306	0.655086373684392	0.935507377393223
ERGIC3	6.06486866210717	-1.10670328444163	0.886830648140744	-1.24793080478426	0.212056398394697	0.935507377393223
POLDIP3	0.345268716244955	-1.10673633803572	2.28002349974709	-0.485405671546141	0.627388610035875	0.935507377393223
ZMYM4	0.354816093192432	-1.10692533191274	2.22186607018041	-0.498196244485096	0.618345729212779	0.935507377393223
RFC2	0.35342492697405	-1.10730418324826	2.47679637462395	-0.447071141815759	0.654823694558669	0.935507377393223
VPS9D1	0.323814528303701	-1.10921908199286	2.35446017076498	-0.471113971587156	0.637559348315783	0.935507377393223
ZNF688	0.336121833432532	-1.1092200377707	2.33396337187818	-0.475251690380254	0.634607587975921	0.935507377393223
SENP2	0.346591064909205	-1.10969298516097	2.28789226459715	-0.485028513943757	0.62765611923977	0.935507377393223
MBP	0.370969912005449	-1.10976539278286	2.41980153282834	-0.45861835267363	0.646508255021486	0.935507377393223
ELK1	0.32039872123623	-1.1103989467156	2.25060727684054	-0.493377479999268	0.621745891546631	0.935507377393223
SNAP23	0.339406841099699	-1.11058416827638	2.22906744056684	-0.498228159482679	0.618323236823647	0.935507377393223
PEMT	0.330226527702044	-1.11153048252461	2.38946395706136	-0.465179848911222	0.641802668104583	0.935507377393223
PLK3	0.347346365814921	-1.11199809655291	2.30621082103284	-0.482175387614781	0.62968135944765	0.935507377393223
WDR48	0.343632436161334	-1.11242427241756	2.25957103556606	-0.492316574654127	0.622495564791013	0.935507377393223
HNRNPA0	4.23406373960839	-1.11306574861974	1.14672229024021	-0.970649788613232	0.331722703620327	0.935507377393223
ARMC8	0.337055720407267	-1.11326667846633	2.23563972458793	-0.497963364231923	0.618509864545406	0.935507377393223
KANSL2	0.346997841802643	-1.11330561925602	2.35579317677782	-0.472582071393365	0.636511375951477	0.935507377393223
PPP1CB	2.24201913455667	-1.11391726199554	1.982089223739	-0.561991482852752	0.574121822083378	0.935507377393223
FAM110C	0.331551071255197	-1.11515159433237	2.32613277209127	-0.479401523297319	0.631653010008067	0.935507377393223
NUMBL	0.354495789746947	-1.1151856722893	2.31325902662842	-0.482084219472249	0.629746119542605	0.935507377393223
SYMPK	0.354814171877681	-1.11626711433857	2.2580030059821	-0.494360331399585	0.62105172403121	0.935507377393223
CLIC4	0.338197369952555	-1.116944300087	2.32639165388585	-0.480118770294471	0.631142942033722	0.935507377393223
CYP4F11	0.333139179273595	-1.11725507632083	2.39246915619746	-0.466988288407685	0.640508257217864	0.935507377393223
ADAT1	0.338361519888149	-1.11763313020732	2.25567361897314	-0.495476438083318	0.620263849984799	0.935507377393223
TRAPPC13	0.339558198351646	-1.11765800611844	2.30189954608664	-0.48553726335214	0.627295286519577	0.935507377393223
SPSB2	0.332383846634864	-1.11784460960638	2.46732560752917	-0.45305921771947	0.650506100719669	0.935507377393223
UVRAG	0.362638345628012	-1.11793942108968	2.26366653846574	-0.493862237256637	0.621403475460767	0.935507377393223
SEL1L3	0.363129179638106	-1.11800970707795	2.3105417288994	-0.483873410765233	0.628475711676539	0.935507377393223
ZNF346	0.346954463583014	-1.11842163293819	2.28209114549595	-0.49008631190983	0.624072823683548	0.935507377393223
REV1	0.348848375699996	-1.1185231227392	2.28561056952984	-0.48937607204419	0.624575473160913	0.935507377393223
FAM105A	0.323733391548907	-1.12035520703987	2.48023369146968	-0.45171356670669	0.651475343436918	0.935507377393223
ZNF668	0.338384158548504	-1.12105946945128	2.28606872883025	-0.49038747405679	0.623859738639727	0.935507377393223
GALNT2	0.323096623302543	-1.12169484063362	2.25559482233844	-0.497294473956421	0.618981408064351	0.935507377393223
ZNF609	0.335059939355865	-1.12174433199448	2.25759882376573	-0.496874962985397	0.619277228227084	0.935507377393223
CLUH	0.328762640277388	-1.12242080635929	2.35711847514964	-0.476183449492515	0.63394368943749	0.935507377393223
IL15RA	0.341313728013414	-1.12459823603768	2.30922786722335	-0.487001846807743	0.626257022184486	0.935507377393223
MCCC1	0.330194879720751	-1.12532306628254	2.30267832711723	-0.488701809988092	0.625052822186259	0.935507377393223
CDC42EP1	0.357594742479445	-1.12571077733287	2.48794047752151	-0.452466924954053	0.650932643422235	0.935507377393223
EPDR1	0.365342431453097	-1.12580675109816	2.43839419232262	-0.461700062542311	0.64429642622649	0.935507377393223
ANKRD42	0.333335320634851	-1.12591582672362	2.1982047360042	-0.51219788961526	0.608512519949227	0.935507377393223
PRKACA	0.334342119281081	-1.12637194033644	2.25452484839394	-0.499605023709909	0.617353219822019	0.935507377393223
KLHL42	0.342807530111296	-1.1275334873343	2.33773045149928	-0.482319715949785	0.62957884352757	0.935507377393223
TRPM7	0.381431339763035	-1.12764936979326	2.28337333892215	-0.493852385228234	0.621410433783709	0.935507377393223
C11orf80	0.35421005054122	-1.12847179758834	2.3012036505288	-0.490383281518358	0.623862704823257	0.935507377393223
SNX14	0.366377203409584	-1.12915741712023	2.36162325941152	-0.478127666053558	0.632559341933875	0.935507377393223
OLFM1	0.358550687338086	-1.12934065026871	2.46258333203602	-0.458599973278869	0.646521455824371	0.935507377393223
FNDC3A	0.347467284909403	-1.12947322357631	2.26771701284786	-0.498066212484725	0.618437374161996	0.935507377393223
GMCL1	0.349071151142689	-1.12967113999264	2.33533788412184	-0.483729205813587	0.628578063114017	0.935507377393223
TSPYL2	0.39090634359925	-1.13013629706807	2.46872162553615	-0.45778198942241	0.647109076563703	0.935507377393223
ZNF766	0.348439830224945	-1.13016346991787	2.33826004522772	-0.483335235627226	0.628857725238281	0.935507377393223
GNPTAB	0.365637061828001	-1.13156107577663	2.30516999235914	-0.490879665936729	0.623511559669435	0.935507377393223
ORC6	0.350226817959949	-1.13175564257573	2.50574163671569	-0.451664938632354	0.651510380206942	0.935507377393223
ALG14	0.343877796056116	-1.13291983688943	2.27605950789306	-0.497754928182071	0.618656787607128	0.935507377393223
ACTL6A	0.36905918456681	-1.13328385548967	2.24230098211587	-0.505411122114522	0.61327010869082	0.935507377393223
PSMD5	0.335510405483655	-1.13331480675472	2.30692269895373	-0.49126691902972	0.623237674036927	0.935507377393223
AKIRIN2	2.15061747417169	-1.13343670821986	1.5861725069638	-0.714573416979373	0.474872675658438	0.935507377393223
PTPN3	0.345582652541497	-1.1336793173055	2.29656525990475	-0.49364123767705	0.621559571906155	0.935507377393223
TNFAIP8	0.353879278563484	-1.13380617329597	2.63490196524241	-0.430302982142131	0.666975258099083	0.935507377393223
CALM2	10.4695999486788	-1.13383441209979	1.03231706484703	-1.09833930941343	0.272056352976009	0.935507377393223
PRSS1	0.324547281890533	-1.13417524333897	3.66337627499032	-0.30959834813637	0.756866412611825	0.935507377393223
RNF138	0.358324110186282	-1.13505878597034	2.21388997565538	-0.512698823542181	0.608162012769482	0.935507377393223
MITD1	0.361965552947916	-1.1357965098829	2.33430363683268	-0.486567596417756	0.626564791418504	0.935507377393223
RP11-706O15.1	0.369701901522837	-1.13662035829205	2.35895581128646	-0.481831983818379	0.629925306662863	0.935507377393223
LRWD1	0.34073830376941	-1.13705209121212	2.31368753911364	-0.491445829218459	0.623111156991672	0.935507377393223
HAUS8	0.346070734029541	-1.13749869620565	2.36728901450171	-0.480506895963053	0.630867000886308	0.935507377393223
BBS4	0.376925252338446	-1.13855040437571	2.4221418785948	-0.470059336506017	0.638312625150943	0.935507377393223
PTPN4	0.373007086374278	-1.13860092013237	2.23062200322211	-0.510440997393406	0.609742540935066	0.935507377393223
RP11-708J19.1	0.361475300895246	-1.13883552112819	2.308421831083	-0.493339434670786	0.621772768943472	0.935507377393223
GPS2	0.363684923901403	-1.13991272486023	2.26708112181349	-0.502810734866156	0.615097345524309	0.935507377393223
FIBCD1	0.322088959494509	-1.14034866034508	2.46278135053641	-0.463032847027491	0.643340822943969	0.935507377393223
AC009403.2	0.350060659883788	-1.14036837696027	2.27608373865753	-0.501022153795131	0.616355531644796	0.935507377393223
GAK	0.351143064325017	-1.14150640033989	2.24403457305673	-0.508684854522975	0.610973140150358	0.935507377393223
ZMAT3	0.365570398840138	-1.14171147656036	2.30382287736894	-0.495572592743866	0.620195993543452	0.935507377393223
UBN2	0.355975309393093	-1.1417687164895	2.35860207120219	-0.4840870490322	0.628324092121192	0.935507377393223
SMARCD2	2.13224581922882	-1.1417826857291	1.5281886774847	-0.747147719749104	0.454974397861003	0.935507377393223
RBM10	0.386888593083476	-1.14380019096896	2.30300943117348	-0.496654583991931	0.619432654235387	0.935507377393223
ACYP1	0.352260873946723	-1.14518218976785	2.29552167885106	-0.498876660725344	0.617866277078797	0.935507377393223
GLMP	0.317224973771592	-1.14568797693128	2.28889526256804	-0.500541897074779	0.616693562816988	0.935507377393223
WIPF2	0.359040542541966	-1.14612999403549	2.23110002989026	-0.513706234001471	0.607457392795024	0.935507377393223
RINT1	0.352002209240452	-1.14675995426855	2.40630154833594	-0.476565356100768	0.633671657778045	0.935507377393223
AGPAT6	0.353041392446717	-1.14691850910907	2.28203009420298	-0.502586934336482	0.615254717259894	0.935507377393223
APTR	0.34307928745394	-1.14700896241451	2.27251022167898	-0.504732146624656	0.613746979199915	0.935507377393223
TSPAN6	0.357347926418183	-1.14770985934132	2.31342628864149	-0.496108246446569	0.619818041373644	0.935507377393223
AHSA2	0.349537283954814	-1.14772117955932	2.32835307931669	-0.492932618233376	0.622060198882963	0.935507377393223
PET117	0.347769699949523	-1.14875515234131	2.31234984822735	-0.496791241698115	0.619336272075115	0.935507377393223
POPDC3	0.33217194195945	-1.14903504124677	2.49486589210103	-0.460559842067951	0.645114428494722	0.935507377393223
AZI2	2.19883462053592	-1.1492712782606	1.52495905879053	-0.753640743097786	0.451064972494592	0.935507377393223
NCBP2-AS2	2.11770284544065	-1.14962507911517	1.50174844080808	-0.765524403339195	0.443959340679853	0.935507377393223
CCDC28A	0.362740712015138	-1.15020572624933	2.33338630369007	-0.492934120865613	0.622059137115021	0.935507377393223
KDM1A	0.369878426253469	-1.15055824964516	2.18424216722175	-0.526753977608907	0.59836444625631	0.935507377393223
B9D1	0.333645438367929	-1.15063678942735	2.35112261127287	-0.489398887114788	0.624559323809261	0.935507377393223
C18orf25	0.352263858151495	-1.15071810178526	2.22763204128063	-0.516565608889217	0.605459428282576	0.935507377393223
EXOC3-AS1	0.356369156656555	-1.15136514681389	2.23796949216066	-0.514468651537469	0.606924372215983	0.935507377393223
WRAP73	0.341647321187561	-1.15193728792138	2.22397208721646	-0.517963914449641	0.604483446774636	0.935507377393223
RXRB	0.347768212622796	-1.15251150529989	2.28473369929181	-0.504440191719994	0.613952080580822	0.935507377393223
SFMBT1	0.366746471825232	-1.15266896252052	2.32283936838644	-0.49623274782071	0.61973020876585	0.935507377393223
PSAP	6.42304306566195	-1.15310752397175	1.05267751844198	-1.09540434156741	0.273339532905908	0.935507377393223
RDH13	0.357288088369548	-1.15313539982301	2.26203950894527	-0.509776860776709	0.610207798404631	0.935507377393223
PSMD13	2.19159135109479	-1.15314139748171	1.60394171167565	-0.718942209113705	0.472176528027488	0.935507377393223
ASNA1	4.22034909165713	-1.15327777733969	1.12156128324093	-1.02827887746545	0.303818664039425	0.935507377393223
DHX32	0.374523207043608	-1.1532977043022	2.28190866024856	-0.505409232364533	0.613271435707683	0.935507377393223
RXRA	0.353888593282696	-1.154898713374	2.35155606908602	-0.491121061732913	0.623340825828004	0.935507377393223
LMNA	2.26799293134518	-1.15503896079631	1.72354675353057	-0.670152381088757	0.502760656125171	0.935507377393223
DEAF1	0.367819649654335	-1.15567638994961	2.32674346242907	-0.496692655899035	0.619405802163889	0.935507377393223
YEATS4	0.357007630708884	-1.15583685493475	2.28587176279554	-0.505643787086814	0.613106736794636	0.935507377393223
NCKAP5L	0.355301131446772	-1.1564458265198	2.24366491541784	-0.515427156066411	0.606254560109536	0.935507377393223
CARKD	0.360193139047806	-1.15691615538686	2.21556157308917	-0.522177388089364	0.601546828223875	0.935507377393223
TOMM7	8.35315120277846	-1.15699215429773	0.810091733681648	-1.4282236272669	0.153227502039726	0.935507377393223
MZT1	0.364648800764596	-1.15712504822901	2.31539163159149	-0.499753489837767	0.617248663509313	0.935507377393223
PYGB	0.351283692043762	-1.15720172825814	2.23929452854595	-0.516770667505517	0.605316258454434	0.935507377393223
DHX15	0.347338295906096	-1.15771431243948	2.25536662455029	-0.513315351853416	0.6077307469098	0.935507377393223
STAG2	0.380834626881444	-1.15831312614035	2.40812076871572	-0.481002921941532	0.630514422031241	0.935507377393223
ATP6V1B2	0.354508300318853	-1.15918262440964	2.30042787353421	-0.503898704126181	0.614332561252001	0.935507377393223
USP32	2.26221277997347	-1.15973622774498	1.51453474930528	-0.765737615645303	0.443832440392794	0.935507377393223
EXOSC2	0.370512317974614	-1.15979107389301	2.28792499616397	-0.506918310625377	0.612212137377635	0.935507377393223
CTA-29F11.1	0.349923207300304	-1.16003161543136	2.35589438444251	-0.492395424468854	0.622439833242023	0.935507377393223
SPOP	0.35619083393337	-1.16006726355054	2.29753884133777	-0.504917367523187	0.613616875244557	0.935507377393223
CREBBP	0.389581798992435	-1.16035756735797	2.18556983354178	-0.530917635094538	0.595475856633339	0.935507377393223
HIST1H1C	0.366154846127304	-1.16061279696012	3.03517020834632	-0.382388043269728	0.702173557852109	0.935507377393223
ZNF267	0.362475380434513	-1.16085954412364	2.28235345485912	-0.508623912589951	0.611015864350145	0.935507377393223
AP5S1	0.370830456653381	-1.16115621359517	2.27862447643033	-0.509586474474383	0.61034120160491	0.935507377393223
ARRDC1-AS1	0.349411793318389	-1.16123248205319	2.21358556520244	-0.524593447078696	0.599865843076198	0.935507377393223
YTHDF3	0.370679414392918	-1.16177221222281	2.21736100879782	-0.523943646349534	0.600317736166253	0.935507377393223
RSPRY1	0.362430029377568	-1.16198892626045	2.19447493476885	-0.529506583944121	0.596454078351036	0.935507377393223
RAD54L2	0.362248701310425	-1.16220942337795	2.22520823809552	-0.52229243244787	0.601466737360981	0.935507377393223
MRPS27	0.339103525078251	-1.16245603387747	2.17623346083925	-0.534159617888226	0.593231105289112	0.935507377393223
NFIB	0.371234805064247	-1.16415592682394	2.38604077667113	-0.48790277945212	0.625618705684973	0.935507377393223
GPRC5C	0.351380805753435	-1.16463939975158	2.25679538130178	-0.516058925590227	0.60581325440485	0.935507377393223
GPT2	0.346949921738306	-1.16477665960889	2.25803567554012	-0.515836251936223	0.605968780721047	0.935507377393223
UBXN2B	0.347523217884365	-1.16482612786993	2.25571973151714	-0.516387790377884	0.605583591626277	0.935507377393223
GGA1	0.35167318587287	-1.164993452336	2.30510339118234	-0.505397483163847	0.613279686238847	0.935507377393223
RNF2	0.359386781367305	-1.16521442552711	2.19931707171485	-0.529807384534406	0.596245484734921	0.935507377393223
CEP57	0.360446536710467	-1.16675682878537	2.30413504579324	-0.50637519311881	0.612593285804722	0.935507377393223
CSTF1	0.360521770705507	-1.1669954861065	2.26507155907501	-0.515213517838292	0.606403823905428	0.935507377393223
METTL10	0.365845071519495	-1.16709710744094	2.24106540079127	-0.520777799268539	0.602521570321384	0.935507377393223
AC093323.3	0.344819748414572	-1.16764343148164	2.4492095341121	-0.476742971648173	0.633545159282042	0.935507377393223
RPL13P12	2.04205226484947	-1.1678375960891	1.47623236157074	-0.7910933444424	0.428889522714932	0.935507377393223
VDAC3	2.19058397863283	-1.1679618148153	1.56606512349867	-0.74579389917452	0.455791925906389	0.935507377393223
SRP19	4.27069462374676	-1.16821134461461	1.11962029310413	-1.04339958092021	0.296763267557351	0.935507377393223
CMC2	2.22526246006262	-1.16886105142438	1.53698783438313	-0.760488160853593	0.446962843391068	0.935507377393223
RPIA	0.360950934078548	-1.16929973513331	2.36928578646061	-0.493524142091817	0.621642285774295	0.935507377393223
C6orf132	0.35874001833625	-1.16975145586447	2.3898050703795	-0.489475677478044	0.624504970071983	0.935507377393223
ZRANB1	0.365766706975505	-1.1704294111528	2.36469720336318	-0.494959527794156	0.62062868949221	0.935507377393223
TPRG1L	0.346896812708031	-1.17078595364816	2.24757299248433	-0.52091120402459	0.602428630060119	0.935507377393223
CCNE1	0.350743543469375	-1.17107796210298	2.32196993039479	-0.504346738850259	0.614017738584348	0.935507377393223
TOM1	0.360676263125856	-1.17193444587495	2.25787497027338	-0.519043109695777	0.603730679161291	0.935507377393223
PIAS2	0.369261284850605	-1.17210168531983	2.2422679167317	-0.522730435811735	0.601161854959742	0.935507377393223
ORAOV1	0.366699792574581	-1.17424240311309	2.25868799622744	-0.519878090765239	0.603148546698088	0.935507377393223
DNAAF2	0.35400846082901	-1.17506588582629	2.31060903533941	-0.508552449962044	0.611065965918123	0.935507377393223
TSPAN33	0.340210546932926	-1.17509104329317	2.28563942770966	-0.514119169037384	0.607168676134929	0.935507377393223
POM121C	0.376539589108086	-1.17575456228307	2.25215102066906	-0.522058490524217	0.601629606644006	0.935507377393223
DDX31	0.366332871585417	-1.17643567497732	2.18487666316237	-0.538444890190992	0.590269942141662	0.935507377393223
MIER1	0.386611877832764	-1.17645073165233	2.31001651992554	-0.50928238889402	0.610554300445957	0.935507377393223
STK32C	0.360294380510636	-1.17658334782098	2.3141927357248	-0.508420638289005	0.611158382234617	0.935507377393223
ARHGEF5	0.378394257858509	-1.176910164045	2.33155446535064	-0.50477489654869	0.613716949466432	0.935507377393223
ZNF138	0.342904139988846	-1.1769425675068	2.19516399611346	-0.536152455848665	0.591853189209016	0.935507377393223
RPS6KB1	4.50447185104834	-1.17704395413059	1.14283829929165	-1.02993044148078	0.30304265943011	0.935507377393223
BRCC3	0.367242172866196	-1.17770375489889	2.26462870900631	-0.52004275588984	0.603033775210243	0.935507377393223
ICMT	0.360582217509167	-1.17825691112302	2.24902939358596	-0.523895736749067	0.600351060192219	0.935507377393223
LMBR1L	0.362836788975744	-1.17900484862948	2.23856012558532	-0.526680000753254	0.598415826078793	0.935507377393223
LYRM7	0.356274342848712	-1.17917079653044	2.2235291193035	-0.530314978244947	0.595893563439934	0.935507377393223
JAK1	2.27246056214524	-1.179623762443	1.59191429844754	-0.74100959052468	0.458687625319294	0.935507377393223
ARG2	0.37228026296932	-1.17970788854263	2.47246866592031	-0.477137649832869	0.633264106265394	0.935507377393223
FLOT1	2.19627859444155	-1.17999889040169	1.58997550868272	-0.742149098497312	0.457997004793519	0.935507377393223
BANP	0.370709251330396	-1.18035514130185	2.25945577051143	-0.52240683650766	0.601387097029404	0.935507377393223
ZNF503	0.369306927146466	-1.18121263698213	2.33013795586248	-0.506928198826288	0.612205199018759	0.935507377393223
FAM21A	0.370657234525507	-1.18123137598314	2.23965868910092	-0.527415798546218	0.597904874805553	0.935507377393223
SMIM8	0.353066246488023	-1.18138723867552	2.20375082527226	-0.536080225190417	0.591903106270966	0.935507377393223
AP1S2	0.347674481895893	-1.18144493759649	2.46750740184905	-0.478800970044168	0.632080226525984	0.935507377393223
DNMT1	0.374451906507633	-1.18276035036752	2.31383401023172	-0.511169057563066	0.609232683351711	0.935507377393223
RRAGD	0.368803095182554	-1.18291437011227	2.4194688931276	-0.488914890979706	0.62490195284389	0.935507377393223
SOCS4	0.379075848581572	-1.18436285752664	2.27076834088751	-0.52156921346884	0.601970303363696	0.935507377393223
SMU1	0.394844361281545	-1.1847312778178	2.33840707705271	-0.506640306319556	0.612407221841606	0.935507377393223
DNAJC25	0.375447298526172	-1.18551061855721	2.26272841776298	-0.523929698876213	0.60032743739155	0.935507377393223
TATDN1	10.8058216931312	-1.18606555473088	0.832503584037969	-1.42469723550978	0.154244738589247	0.935507377393223
RP11-792A8.4	0.349521853981939	-1.18606883248901	2.31259589498129	-0.512873362381632	0.608039907791454	0.935507377393223
REPS1	0.377587387095471	-1.18693265408066	2.18412414610413	-0.543436441649995	0.586829340726716	0.935507377393223
NFRKB	0.345492002198752	-1.18711504692892	2.23569543480255	-0.530982453356292	0.595430938478458	0.935507377393223
TLK2	2.28583872419583	-1.18714899782646	1.53219202870807	-0.774804316680499	0.43845529816298	0.935507377393223
ABCC5	0.35812321992448	-1.18801694677635	2.2559400690409	-0.526617246211435	0.598459413134373	0.935507377393223
VTI1A	0.375864051704355	-1.1883446094349	2.2282068537137	-0.533318801822334	0.593812914618585	0.935507377393223
ID1	0.331184007937045	-1.18836938136471	3.40374442376587	-0.349135902527578	0.726987284111091	0.935507377393223
C1orf21	0.361580000560215	-1.18900296766966	2.39452994180939	-0.496549634610626	0.619506677539985	0.935507377393223
PPP4R1L	0.341865861500649	-1.18936213806444	2.28434106219754	-0.520658739514263	0.602604522177502	0.935507377393223
FAM179B	0.388525854269477	-1.1894831873281	2.23586223714296	-0.532002002434663	0.594724608619553	0.935507377393223
NUDT15	0.378325266766901	-1.18970248501799	2.16836854218637	-0.548662490656874	0.583237092032925	0.935507377393223
CPSF7	0.377732954004536	-1.18989917768074	2.26346161072341	-0.525698855259334	0.599097459304996	0.935507377393223
RCC2	0.36327204906792	-1.19022005333002	2.311011183437	-0.51502132999629	0.606538114880772	0.935507377393223
RPL17	2.09672434646742	-1.19041340680438	1.49577372665166	-0.795851261185845	0.426118492793699	0.935507377393223
POFUT2	0.381603324960274	-1.19055254580996	2.24399480732885	-0.530550490545538	0.595730311876223	0.935507377393223
TRPV3	0.381884679287467	-1.19075925362126	2.31449039562568	-0.514480101482279	0.606916368934722	0.935507377393223
COX20	2.18912248921442	-1.19082913187143	1.52955257439911	-0.77854736855923	0.436246392931321	0.935507377393223
NRIP1	0.384280408729397	-1.19104668195678	2.40039289531036	-0.496188221638103	0.619761620251594	0.935507377393223
ADNP	0.405749254642132	-1.19116292723726	2.2977085742181	-0.518413405687274	0.604169863404671	0.935507377393223
RERE	0.369146068270348	-1.19218917794597	2.26348974876231	-0.526704032389752	0.598399134946852	0.935507377393223
COPS7B	0.357092386755502	-1.19245766501317	2.25653978647351	-0.528445220492533	0.597190358362426	0.935507377393223
IGSF8	0.361218223969017	-1.19375979190883	2.31531626080102	-0.515592540042818	0.606139021663018	0.935507377393223
AGPAT3	0.362496548324024	-1.19385364544909	2.24722035124994	-0.531257935958552	0.595240050111421	0.935507377393223
RNMTL1	0.368724742640311	-1.19408355132875	2.22833567664556	-0.535863408661245	0.592052955142023	0.935507377393223
USO1	0.383125420109355	-1.19422844424708	2.27441895534712	-0.525069684914236	0.599534749203623	0.935507377393223
RNF166	0.384492786729114	-1.19475327442765	2.26610548441734	-0.527227564049094	0.598035569376201	0.935507377393223
RP11-83A24.2	0.374277220233639	-1.19487662127727	2.29443387542906	-0.520771870600904	0.602525700848123	0.935507377393223
ATAT1	0.364115298393314	-1.19501763703924	2.31688445922505	-0.515786461548001	0.606003559240087	0.935507377393223
RAD17	0.350912288131517	-1.19517517031149	2.26340203356683	-0.528043693778983	0.597469009780979	0.935507377393223
SYTL2	0.371919604044285	-1.1955579054402	2.465604284099	-0.484894479276543	0.627751198731545	0.935507377393223
PCF11	0.384466036540649	-1.19557168746536	2.26433673077283	-0.528000836279023	0.597498755509695	0.935507377393223
LXN	0.350040733539208	-1.19564061299314	2.82827387199548	-0.422745698297441	0.672480810112255	0.935507377393223
AGO3	0.383153707761917	-1.19668315560214	2.24066431428817	-0.534075161536328	0.593289533732143	0.935507377393223
PHC2	0.37477523575391	-1.19669306525765	2.255986161759	-0.530452307528598	0.595798367545542	0.935507377393223
NCOR2	0.368991073366876	-1.19716694181739	2.30138678011616	-0.520193716310893	0.602928564526974	0.935507377393223
COPG1	0.384860360781034	-1.1977431397387	2.30503968952149	-0.519619312927033	0.60332893454084	0.935507377393223
DCAF4	0.379509260187076	-1.19787133187066	2.27914518123864	-0.525579213527616	0.599180602316707	0.935507377393223
C2orf69	0.385671489662493	-1.19798365870867	2.26927623261071	-0.527914425530485	0.597558731905979	0.935507377393223
CNN2	0.379181598245816	-1.1988716545944	2.79783658449103	-0.428499527542098	0.66828747745136	0.935507377393223
SS18L1	0.364511825306346	-1.19911093345042	2.23383847573382	-0.536793929586388	0.591409965275207	0.935507377393223
HSPA1A	25.8960203861785	-1.20006108436833	1.26399202297004	-0.949421406591249	0.342406327205236	0.935507377393223
PBRM1	0.37040876448824	-1.20193498644028	2.24671787561969	-0.534973705191518	0.592668040059458	0.935507377393223
KATNA1	0.37691026934393	-1.20219003793165	2.22125033810413	-0.541222219444992	0.588354424199201	0.935507377393223
PRPF4B	0.408609890078155	-1.2023456812869	2.27645854764293	-0.528164979121546	0.597384833976332	0.935507377393223
RIMKLA	0.356480851629467	-1.20263512410544	2.30485739075352	-0.521782878598083	0.601821511912328	0.935507377393223
RHOQ	2.24312995191221	-1.20270031181514	1.53174842378225	-0.78518136081733	0.432347242209694	0.935507377393223
RPL5P4	0.342130282056861	-1.20278183866151	2.17854713647814	-0.552102737885184	0.580877966224983	0.935507377393223
FAM200B	0.371444289691363	-1.20309513354954	2.26041394312916	-0.532245493002071	0.594555978275093	0.935507377393223
FRA10AC1	0.375069119840106	-1.20373331157355	2.2936570475978	-0.524809632213434	0.599715534863254	0.935507377393223
KLF4	0.377696522492621	-1.20406616477903	2.32397534006253	-0.518106256990932	0.604384134925846	0.935507377393223
DPAGT1	0.360635725831976	-1.20409439083013	2.18337622291434	-0.551482780747206	0.581302767450545	0.935507377393223
CSNK1G1	0.367186861069703	-1.20435016871885	2.23537058717726	-0.538769802030747	0.590045702885246	0.935507377393223
CCDC167	2.12291843398507	-1.2050462717146	1.58635140340912	-0.759633880062711	0.447473461613169	0.935507377393223
OGFOD1	0.383223721333487	-1.20513132931317	2.24157747826429	-0.53762644432274	0.590834969808171	0.935507377393223
PAK1	0.368095404885308	-1.20549908388541	2.31302544780297	-0.521178478615727	0.602242444959589	0.935507377393223
UQCC1	0.36880934177822	-1.20566068621231	2.33542175207121	-0.516249660320689	0.605680050025424	0.935507377393223
PELP1	0.388188525124951	-1.20674819174877	2.32302942041507	-0.519471764388223	0.603431797958039	0.935507377393223
ST14	0.368075731030903	-1.2090155403364	2.21893909290498	-0.544861976699677	0.58584844917718	0.935507377393223
ZNF720	0.378011787248528	-1.20946956145194	2.24278966666311	-0.539270168500206	0.589700449659118	0.935507377393223
PTPRG-AS1	0.359163425731486	-1.20999413127961	2.3398269232822	-0.517129758290964	0.605065581488264	0.935507377393223
NXPE3	0.384975760423275	-1.2102589042237	2.32262531132736	-0.521073673967692	0.602315449422548	0.935507377393223
FTSJ1	0.362014551386687	-1.21031688149209	2.19623854228467	-0.551086258705323	0.581574544745564	0.935507377393223
GIGYF2	0.365607461557387	-1.21043974047951	2.20647163326449	-0.548586132824493	0.58328950452394	0.935507377393223
IRX2	0.386560030688556	-1.21045314326137	2.23832938535606	-0.540784189842917	0.588656341427317	0.935507377393223
CDC42	4.62605310223663	-1.21108829534407	1.34116040082191	-0.903015250526241	0.366517801031421	0.935507377393223
ODF2	0.367048957775238	-1.21184061828419	2.23741536868819	-0.541625232061717	0.588076706067209	0.935507377393223
UBA6	0.413888586254467	-1.21267317157378	2.29798472804776	-0.527711588668391	0.597699528658903	0.935507377393223
CCDC84	0.400544849417188	-1.2135329971177	2.24300547662067	-0.541029885912724	0.588486983613667	0.935507377393223
GRB10	0.368792120843265	-1.21463821568285	2.24885616292052	-0.540113785714708	0.589118564116829	0.935507377393223
INADL	0.404994709607889	-1.21541330490726	2.27278081528223	-0.5347692556778	0.592809424960254	0.935507377393223
PYCR2	0.379908374323905	-1.21611840578916	2.24010948284562	-0.542883468465266	0.587210038867533	0.935507377393223
U2AF1.1	0.387309814251671	-1.21616562332823	2.4175929550766	-0.503048133381783	0.614930431331095	0.935507377393223
MPPE1	0.366893157143484	-1.21660278270529	2.24163943335407	-0.54272902439307	0.58731638736088	0.935507377393223
KIAA0232	0.406147619322018	-1.21722319661219	2.26350950102667	-0.53775926103252	0.590743260681601	0.935507377393223
PPP2R5B	0.374601349604263	-1.21772070842434	2.26909042291141	-0.536655875909041	0.591505340077054	0.935507377393223
TFAP2A	0.371017497531589	-1.21779011707893	2.25719282559989	-0.539515323311059	0.589531326657497	0.935507377393223
NUP62	0.377755993622207	-1.21896796655891	2.28644965087802	-0.533126966557438	0.59394569311941	0.935507377393223
TP53	0.426906165478626	-1.22113523801632	2.45248003592191	-0.497918523343775	0.618541470845178	0.935507377393223
BIN3	0.380010851831382	-1.22131837653343	2.19696572099463	-0.555911439519642	0.578271397598185	0.935507377393223
TC2N	0.365271611132994	-1.22158291806241	2.25770789662712	-0.541072173192723	0.588457837345858	0.935507377393223
BLMH	0.390475848131873	-1.22238335720411	2.30839383301137	-0.529538478106863	0.596431959403434	0.935507377393223
AR	0.388820170482737	-1.22411437194355	2.37064836233339	-0.516362692752407	0.605601117182854	0.935507377393223
DERA	0.390401134534965	-1.22421059377158	2.27326665734667	-0.538524853569296	0.590214751443517	0.935507377393223
FGB	0.361940687296834	-1.22446917682631	4.60914331725214	-0.265660903240542	0.790500376328647	0.935507377393223
N4BP2L2	2.38863999099344	-1.22499557299749	1.56428105775333	-0.783104523912645	0.433565734806565	0.935507377393223
IDH2	2.26677559070544	-1.22595182880006	1.63874650233486	-0.748103399185501	0.454397791866624	0.935507377393223
RELT	0.382798431085457	-1.22630625547708	2.276494965688	-0.538681733963978	0.590106479550618	0.935507377393223
GPR89B	0.383976790878383	-1.22665829274468	2.26395166688556	-0.54182176708399	0.587941294726095	0.935507377393223
EIF3J-AS1	0.371348871102836	-1.22753085246554	2.31413859928269	-0.530448285528808	0.595801155474825	0.935507377393223
LGALSL	0.363656644592008	-1.22758508616046	2.23670729874232	-0.548835820784738	0.58311812530483	0.935507377393223
RPRD2	0.383859389498339	-1.22758928605983	2.28562309701014	-0.537091739957329	0.591204246146482	0.935507377393223
BLOC1S3	0.398633781740569	-1.22764865574626	2.2456680821935	-0.546674134739952	0.58460262713301	0.935507377393223
ASCL2	0.380622272284209	-1.22805094308331	2.39585661349033	-0.512572804302451	0.608250180894168	0.935507377393223
ARL4C	0.37733313245898	-1.22845128754781	2.41056467850723	-0.50961141947394	0.610323721969936	0.935507377393223
CEBPD	0.367096757183538	-1.2286714627364	2.20166467097767	-0.558064758422452	0.576800164383689	0.935507377393223
MARCH2	0.377334548723884	-1.22878309974639	2.21286086924431	-0.555291621278487	0.578695208928967	0.935507377393223
EEA1	0.417222289117199	-1.2292289279674	2.35117834903701	-0.522813987493062	0.601103704799597	0.935507377393223
BRF2	0.402217506548134	-1.22963538831083	2.3260996363608	-0.528625416164288	0.597065325427652	0.935507377393223
CMTR2	0.407211662275977	-1.23000766958028	2.29165386919735	-0.536733616761718	0.591451631703821	0.935507377393223
LATS2	0.384789184103946	-1.23003774306605	2.18551995768248	-0.562812404774552	0.573562632446587	0.935507377393223
GOLPH3L	0.391074396694782	-1.23013835145575	2.2315887615524	-0.551238818123465	0.581469973070494	0.935507377393223
NDUFAF5	0.38716927477785	-1.23065762340103	2.17882308413655	-0.564826778438841	0.572191591074654	0.935507377393223
MYEF2	0.395770411883117	-1.23096379316275	2.31324623839986	-0.532136947951654	0.594631148875122	0.935507377393223
COQ9	0.39879665790302	-1.23123145841095	2.23495184280295	-0.550898428695811	0.581703304682158	0.935507377393223
BIK	0.39936032599708	-1.23125315927309	2.24899495946957	-0.547468171988916	0.584057131075077	0.935507377393223
RRP8	0.39599872660012	-1.23141211247159	2.23516272857549	-0.550927275552951	0.581683528916901	0.935507377393223
BSPRY	2.31385486863111	-1.23218941662823	1.66891028270062	-0.73831974636426	0.460320169849255	0.935507377393223
TUBA4A	4.47161295030438	-1.23221714930278	1.45860782387321	-0.844789894264194	0.398228157937515	0.935507377393223
SIN3A	0.391618451571006	-1.2326814104476	2.25363209865276	-0.546975440749406	0.584395604865192	0.935507377393223
APH1A	4.59025968345382	-1.23312209289185	1.13097469955054	-1.09031801806167	0.275573080899755	0.935507377393223
TRAF3	0.363713937261796	-1.23430990311146	2.23234640762053	-0.552920415441756	0.580317907199626	0.935507377393223
UNKL	2.31860657470872	-1.23475985050137	1.52741289947944	-0.808399517198124	0.418860629810537	0.935507377393223
MEPCE	0.376161537047056	-1.23633496541587	2.25525883528788	-0.54820091870211	0.583553951365816	0.935507377393223
SUPT3H	0.380503885908638	-1.23706187521238	2.24146666555267	-0.551898403944082	0.581017961959256	0.935507377393223
RNF44	0.383220290911602	-1.23764167278536	2.23285089120688	-0.554287649775127	0.579382001124324	0.935507377393223
ARHGAP5	0.400803374591303	-1.2391995408139	2.23188419547647	-0.555225734079521	0.57874026900944	0.935507377393223
PPP2R2C	0.383089229974657	-1.23939115208551	2.19987439662415	-0.563391779997728	0.573168133300357	0.935507377393223
TMEM43	0.403547519821829	-1.24000367140781	2.23606324261949	-0.554547674579713	0.579204087851175	0.935507377393223
MRPS17.1	0.387190640825988	-1.24150688214627	2.23355605996933	-0.555843170626898	0.578318070468974	0.935507377393223
EIF4G3	0.407822727828265	-1.24167528755702	2.28839162236918	-0.54259737512564	0.587407046640004	0.935507377393223
FBLIM1	0.392101890143376	-1.24236790391202	2.36484439011038	-0.525348690640078	0.599340815066144	0.935507377393223
TMEM64	0.374989378432056	-1.24250500330493	2.21675190701942	-0.560507019017554	0.575133653403188	0.935507377393223
OSR2	0.383401197421246	-1.24336395911612	2.53714419811895	-0.490064364507919	0.624088353634787	0.935507377393223
LPIN3	0.414315270114173	-1.2435071346087	2.56054517037989	-0.48564155360095	0.627221329213923	0.935507377393223
EFNA4	0.377235482474683	-1.24358655285141	2.33019033357667	-0.533684538525486	0.593559808128006	0.935507377393223
TMEM214	0.40176629828684	-1.2438860859057	2.15957179040524	-0.57598737464166	0.564623715366574	0.935507377393223
ZNF22	0.394145625194975	-1.24467796729028	2.33081664277476	-0.534009387288627	0.593335039380647	0.935507377393223
DCLRE1B	0.399763833729769	-1.24484525457889	2.24581295557825	-0.554296051898216	0.579376251851727	0.935507377393223
HERPUD2	0.397588316834271	-1.24568669314139	2.19963267277809	-0.566315780156198	0.571179135081396	0.935507377393223
FDXR	0.37418547027165	-1.24671403963127	2.26976498635326	-0.549270099383424	0.582820103895897	0.935507377393223
LPPR2	0.378283595320691	-1.24764986544044	2.22075305630282	-0.561813868453061	0.574242842134621	0.935507377393223
TTC1	4.64863029727905	-1.24981025312487	1.14490302104135	-1.09162979759464	0.27499585335696	0.935507377393223
STK38L	0.409810408583213	-1.25026540616576	2.27921453058666	-0.548550998331845	0.583313621795746	0.935507377393223
HDAC8	0.362963757796996	-1.25042418682678	2.21581578357164	-0.564317754254482	0.572537900700379	0.935507377393223
RSRC2	2.50314259045288	-1.2514510611715	1.6580543305674	-0.754770840798227	0.450386492628531	0.935507377393223
RHOBTB3	0.385171348333693	-1.25150623564403	2.41311981904064	-0.518625816160916	0.604021702637095	0.935507377393223
MTERF4	0.402957912406218	-1.25171835483586	2.17593468585565	-0.575255481229504	0.565118525198008	0.935507377393223
RBM22	0.407480646357429	-1.25195879586985	2.2833219366206	-0.548305859016444	0.583481905026654	0.935507377393223
MED13L	0.407930673088828	-1.25196464089957	2.26127988285235	-0.553653110520914	0.579816271009598	0.935507377393223
ARMC1	0.402131423210756	-1.25196718647775	2.20991731490922	-0.566522185256139	0.571038855960779	0.935507377393223
FBXW7	0.398680388200781	-1.25269930941119	2.19621758609948	-0.570389435609614	0.568413593245886	0.935507377393223
SVIL-AS1	0.388728630532472	-1.25484896921031	2.23549622910319	-0.561329047606455	0.574573243053802	0.935507377393223
MOCS3	0.395244172107655	-1.25491890392849	2.25708491550903	-0.555991002068913	0.578217005914822	0.935507377393223
PLEKHH2	0.417065914614014	-1.25507506465255	2.38989173297981	-0.525159800058252	0.599472107945822	0.935507377393223
ADIPOR1	4.56541083941297	-1.25559550522516	1.07374735532923	-1.16935841470843	0.242259257053799	0.935507377393223
CBWD5	0.39065172627214	-1.25581232032086	2.24210588231463	-0.560103931855539	0.575408548717864	0.935507377393223
SLC25A37	0.413456587170951	-1.25595163248489	2.24529553524942	-0.559370297926226	0.575909027889793	0.935507377393223
CCDC66	0.400820837554789	-1.25634147747366	2.25985440556969	-0.555939123501606	0.578252471607129	0.935507377393223
XBP1	2.36419817636179	-1.25661313772391	1.64203011102137	-0.765280203626886	0.444104709585276	0.935507377393223
TTF2	0.413832058555174	-1.25686664154957	2.27767958122044	-0.551818900214275	0.581072436780402	0.935507377393223
ZNF451	0.413345030470946	-1.25701839071668	2.19180108961664	-0.57350933744473	0.566299878669772	0.935507377393223
RGS14	0.379544248818894	-1.25714593796175	2.24172230127629	-0.560794678826194	0.574937514613412	0.935507377393223
NEK6	0.392072963883556	-1.25743872775742	2.42813538680287	-0.517861868243306	0.604554648530529	0.935507377393223
FLCN	0.413993276215182	-1.25790279952398	2.25428171443611	-0.558006034236335	0.576840263671214	0.935507377393223
NACC2	0.388756004594733	-1.25878090796707	2.23875359047021	-0.562268627206395	0.573933010038536	0.935507377393223
ARRDC2	0.388361541946856	-1.25881736979953	2.24800636498288	-0.559970554090986	0.575499522670172	0.935507377393223
HERC4	0.394811344745058	-1.26033517581876	2.33079942267713	-0.540730859788508	0.588693104700732	0.935507377393223
CFAP20	0.413480624996574	-1.26083120728814	2.22197285005177	-0.567437719708753	0.570416828969354	0.935507377393223
CBR3-AS1	0.42107937856763	-1.26101253782448	2.21785917976048	-0.568571958640162	0.569646659159843	0.935507377393223
RPP25	0.388724352490127	-1.26133938694333	2.41546417949802	-0.5221933728719	0.601535699749978	0.935507377393223
NAGPA	0.399362850288142	-1.26134651468014	2.21368105866875	-0.569795955808864	0.568816098832259	0.935507377393223
TMEM132A	0.399233647093315	-1.26198255604798	2.32168966323216	-0.543562120309869	0.586742832350547	0.935507377393223
NDUFAF7	0.396316967266462	-1.26200508209008	2.23223071630654	-0.565356023851426	0.571831629699017	0.935507377393223
MID2	0.381740843047876	-1.26281598060887	2.17131944233306	-0.58158921989479	0.560843405867775	0.935507377393223
GPKOW	0.415014262163595	-1.26356232150447	2.25683176847424	-0.559883257208278	0.57555906957579	0.935507377393223
DDR1	0.386694495351797	-1.26373726952599	2.25696179694058	-0.559928515954079	0.575528197339588	0.935507377393223
OSBPL9	0.406583315669169	-1.26436277572955	2.21857981842905	-0.569897357411657	0.568747317323642	0.935507377393223
PREX1	0.369617716299567	-1.26461561085886	2.30834380661427	-0.547845432398441	0.583798039817072	0.935507377393223
CWC25	0.426317643083277	-1.2650948714604	2.22719155620978	-0.56802248011991	0.570019703563612	0.935507377393223
SORD	0.414740953521488	-1.26536288413507	2.43993905713657	-0.518604298920504	0.60403671062148	0.935507377393223
CAB39	0.404245653483623	-1.26552499502178	2.1802149416723	-0.58045882120736	0.561605248356091	0.935507377393223
TRIM4	0.433856385626647	-1.26583958623139	2.33732857640227	-0.541575368996614	0.588111063684694	0.935507377393223
AFTPH	0.404287641900579	-1.2664273013975	2.26658961396422	-0.558736920700235	0.576341277985121	0.935507377393223
SSBP4	0.375853681060031	-1.26735142468355	2.25527143616001	-0.561950727687764	0.57414959011634	0.935507377393223
MTF2	0.412914987423174	-1.26821490338615	2.19746102593115	-0.577127370369974	0.563853416018063	0.935507377393223
SUZ12	0.402813449301767	-1.26927221087108	2.20110891252773	-0.576651252306029	0.564175069189999	0.935507377393223
PRRC1	0.398990902823506	-1.27123678835739	2.20415083548181	-0.5767467307107	0.564110559343147	0.935507377393223
TMEM14C	2.31017082188251	-1.27130838400974	1.51916025064586	-0.836849426167679	0.402677210894111	0.935507377393223
SKAP2	0.399221785414814	-1.2715318566476	2.18313915326051	-0.582432803125982	0.560275191480599	0.935507377393223
ITGAE	4.60665857433736	-1.27234720997796	1.16697590767318	-1.09029432536862	0.275583514084467	0.935507377393223
DENND2D	0.403626548587939	-1.27294598079172	2.21794451611129	-0.573930489038371	0.566014840180352	0.935507377393223
PCBP1	4.68683063234723	-1.2730982350094	1.13147695310096	-1.12516497266719	0.26051913305003	0.935507377393223
SLC6A6	0.373196102376535	-1.27318153153605	2.28392260211132	-0.557453886729388	0.577217356926177	0.935507377393223
TAF2	0.409643697049066	-1.27386368610976	2.29136320126864	-0.555941408766829	0.578250909312047	0.935507377393223
EVI5	0.390717522314485	-1.27414455896266	2.22051247933227	-0.57380652926833	0.566098729909805	0.935507377393223
HNRNPL	0.431921023127261	-1.27440829372081	2.23205733977671	-0.570956789957868	0.568028933641465	0.935507377393223
GAREM	0.406545285262514	-1.27598944026664	2.30620026187987	-0.553286486589214	0.580067252915359	0.935507377393223
VEGFB	0.374479011329353	-1.27686497629247	2.28557107774833	-0.558663429338808	0.576391442282803	0.935507377393223
TMEM65	0.397094647752696	-1.27736902783257	2.18507537421364	-0.584588084652351	0.558824721462456	0.935507377393223
CAP2	0.409189928113544	-1.27845279963188	2.27866667972105	-0.561053010082365	0.574761400251813	0.935507377393223
GLT8D1	0.397430840159297	-1.2785406593312	2.26719340159374	-0.563931007576348	0.572801086536736	0.935507377393223
ATF6	0.421141227150593	-1.27874549325999	2.34511717743027	-0.545279999467326	0.585560957661158	0.935507377393223
HOOK2	2.42967963410057	-1.27921398282639	1.55607866972023	-0.822075392278449	0.411033989667525	0.935507377393223
CREBL2	0.397176767654071	-1.27955357497028	2.22226624008356	-0.575787703512143	0.564758685980229	0.935507377393223
CPE	0.393859228178678	-1.27982977579724	2.7303269654321	-0.468745975116096	0.639251220305525	0.935507377393223
SART3	0.434061365261814	-1.27983778410401	2.30211798179009	-0.555939267330178	0.578252373280334	0.935507377393223
TAOK1	0.418447160680981	-1.27989502643324	2.23636790981522	-0.572309690554894	0.567112185781818	0.935507377393223
NVL	0.41413765266113	-1.28008713665527	2.25964791238198	-0.566498492814255	0.571054957224399	0.935507377393223
MAN1B1	0.389603187401152	-1.28081174831345	2.24834724738558	-0.569668119460994	0.568902816900634	0.935507377393223
MANEAL	0.412863525674461	-1.28096781976582	2.28264730523997	-0.56117640987518	0.574677282870452	0.935507377393223
RAB3GAP1	0.420859933778017	-1.28150972654739	2.22771459104385	-0.575257589863391	0.565117099318393	0.935507377393223
PACS2	0.404234898450514	-1.28185948073557	2.22010028795908	-0.577388097144916	0.563677313129282	0.935507377393223
LEMD2	0.412295114320773	-1.28209521252552	2.23871189509764	-0.572693259607488	0.566852402088166	0.935507377393223
APOL2	0.46369556250698	-1.28342070785371	2.76531112461133	-0.464114397989883	0.642565786755096	0.935507377393223
RBM26	0.428566797105156	-1.28498051079875	2.2679866761341	-0.56657321858216	0.571004174704758	0.935507377393223
IMPDH2	0.406232979679517	-1.28541655205369	2.3670732507422	-0.543040462161722	0.587101943869347	0.935507377393223
GNS	0.419089880289056	-1.28562475690377	2.29074479630181	-0.561225658562791	0.574643713365417	0.935507377393223
ADSS	0.425828008465818	-1.28647506490939	2.24958540519181	-0.571872071156016	0.56740864635464	0.935507377393223
GNG12	0.389883081727427	-1.28657923605905	2.19645983388076	-0.585751315008517	0.558042644600206	0.935507377393223
NUB1	0.41146451884996	-1.28674646465296	2.29617863192825	-0.560386046085795	0.575216147381879	0.935507377393223
DNAJC18	0.384465562361442	-1.28680940797122	2.21829583685691	-0.580089177733161	0.561854481466325	0.935507377393223
AP3S1	2.34672123915776	-1.28690349158467	1.50989228712923	-0.852314766129095	0.394039412625561	0.935507377393223
EDC3	0.417655011858773	-1.28747981169885	2.17187351908728	-0.592796864266714	0.553317106550316	0.935507377393223
UQCRC2	2.30845240301116	-1.28757346707543	1.5448604058035	-0.833456189464412	0.404587496268598	0.935507377393223
CAPZB	4.63663570207287	-1.28780103765188	1.14937041593033	-1.12044039049805	0.262526141110831	0.935507377393223
CKLF	0.393677353126342	-1.289041239267	2.27024063905255	-0.567799385269115	0.57017119729591	0.935507377393223
NTAN1	2.32871915751834	-1.28960895670683	1.56972272820893	-0.821552070013207	0.411331877555102	0.935507377393223
GPR107	0.411344618586769	-1.29014924072827	2.23080554433459	-0.578333348688668	0.563039083466903	0.935507377393223
SLC22A18	0.414150608203591	-1.29027606912522	2.26018810319382	-0.570871100198238	0.568087022309847	0.935507377393223
NOA1	0.383275278348277	-1.29098585648427	2.21398832751331	-0.583104183721813	0.559823167487925	0.935507377393223
ATAD3A	0.403335872466356	-1.29114885780312	2.2337762807398	-0.578011714483559	0.563256210328238	0.935507377393223
SNX16	0.407944173922083	-1.29150217499222	2.21435054864576	-0.583241969426235	0.559730421648742	0.935507377393223
MALAT1	243.231642590914	-1.29198267598027	1.38905627829263	-0.930115428849524	0.352311323131015	0.935507377393223
NOP2	0.422466784370557	-1.29232703100792	2.21766235802404	-0.582742916806956	0.560066377610706	0.935507377393223
GMPS	0.422504617606029	-1.29250781371612	2.23339720837818	-0.578718290175842	0.562779272602228	0.935507377393223
RNF223	0.419170254975081	-1.29282813352452	2.2931905044923	-0.563768309258174	0.572911821885062	0.935507377393223
WDR60	0.43658444107758	-1.29290918702379	2.22606341903979	-0.580805189989369	0.561371756795708	0.935507377393223
DGCR14	0.396123586067362	-1.29367425035423	2.16003383280167	-0.598913883064633	0.54923031303101	0.935507377393223
NFKBIA	0.447741075884577	-1.29451070762575	2.34826832470222	-0.55126183579975	0.58145419639459	0.935507377393223
CXorf40A	0.406072648082444	-1.29457350447009	2.16677332005303	-0.597466053550266	0.550196264698679	0.935507377393223
ACTR1B	0.411494298007022	-1.29529980688845	2.25325108284197	-0.574858175705264	0.565387218081993	0.935507377393223
CBX4	0.412599907452914	-1.29577494828681	2.35412869723614	-0.550426554762328	0.582026839232794	0.935507377393223
TOX2	0.393625795887167	-1.29591554424651	2.29300238104534	-0.565161011152431	0.571964253257794	0.935507377393223
ATAD1	0.403741239486445	-1.29651054067577	2.24633909566367	-0.57716599563198	0.563827325654892	0.935507377393223
ATG9A	0.42027625876398	-1.29654924785835	2.15624040123418	-0.60130087865724	0.547639604455234	0.935507377393223
SPRTN	0.421895317225147	-1.29679672852164	2.16875829450209	-0.597944331467957	0.549877078421311	0.935507377393223
SOD2	0.381491631302545	-1.29720324294279	2.17969367236911	-0.595130985324585	0.551755918147214	0.935507377393223
CARM1	0.395567603015666	-1.29754378739573	2.20465976393613	-0.588546046252116	0.556165836352671	0.935507377393223
GSTO2	0.394770255138763	-1.29767637209919	2.30192397476371	-0.56373554744891	0.572934121379656	0.935507377393223
MAP2K7	0.416799988306019	-1.29842760294957	2.22701059874941	-0.58303611293036	0.559868989814985	0.935507377393223
KMT2B	0.416891971508197	-1.30167345050243	2.15729125628262	-0.603383269047051	0.546253749833156	0.935507377393223
GNA12	0.392554006579346	-1.30188546630058	2.17948168412654	-0.597337190664361	0.550282278970766	0.935507377393223
NTHL1	0.399515460054779	-1.30196120386193	2.2544830769913	-0.577498769961693	0.563602569316288	0.935507377393223
COX16	0.397474938911683	-1.30284321221827	2.21120038003414	-0.5892017855922	0.555725919492996	0.935507377393223
NBPF14	0.425854963468712	-1.3031483496322	2.21497176423854	-0.588336325849373	0.556306567647184	0.935507377393223
HABP4	0.405329115782057	-1.30347164080694	2.21638010799702	-0.588108346625123	0.556459571085013	0.935507377393223
GFPT1	0.426204631106186	-1.30367093428996	2.23989471448457	-0.582023309336642	0.56055098035488	0.935507377393223
SMC1A	0.429240617854179	-1.30498221663913	2.35551729066377	-0.554010884068437	0.579571396973371	0.935507377393223
C6orf106	0.429989688389957	-1.30512144316011	2.16719937168252	-0.602215679929284	0.547030579670429	0.935507377393223
EXOC3	0.419582142454924	-1.30549049459575	2.18742316399632	-0.5968166178741	0.550629821815069	0.935507377393223
POLL	0.396058238976433	-1.30586513853411	2.2451626173015	-0.581634990922684	0.56081256860963	0.935507377393223
NT5C2	0.419237114458761	-1.30612866929234	2.16810426055228	-0.602428902085932	0.546888676179363	0.935507377393223
PPARG	0.381883605993208	-1.30638029039029	2.41599837747197	-0.540720682005278	0.588700120914321	0.935507377393223
ZNF185	0.403673832005714	-1.30648537450492	2.36946663574612	-0.551383739612572	0.581370644949327	0.935507377393223
SNX10	2.42990620329103	-1.30677432453809	1.54639569135346	-0.845045244140813	0.398085578333684	0.935507377393223
CRYL1	0.422405577234974	-1.30693558008063	2.36199847929725	-0.553317705974764	0.580045878893003	0.935507377393223
TBC1D30	0.408254713277164	-1.30726053222046	2.21183973991863	-0.591028594263593	0.554501262086007	0.935507377393223
NARFL	0.420433494452184	-1.30753596637537	2.20019242243855	-0.594282551398927	0.55232314695733	0.935507377393223
CCDC34	0.408881428425596	-1.30784890612975	2.2365885840881	-0.584751668426754	0.558714706711638	0.935507377393223
NT5DC1	0.40489944143862	-1.30791463377781	2.27711496862622	-0.574373561193916	0.565715040054931	0.935507377393223
CDC123	2.45089881775332	-1.30806338152933	1.62727250392064	-0.803837942555881	0.421490573724904	0.935507377393223
PSMA1.1	4.84257737408768	-1.30858392518597	1.15347135011259	-1.13447457976154	0.256595530811219	0.935507377393223
IL17RC	0.409309529799169	-1.30873167042078	2.22354954752698	-0.588577696357763	0.556144599296345	0.935507377393223
ATP13A2	0.404323407418347	-1.31049591653271	2.16510832280144	-0.60527960782907	0.544993228516378	0.935507377393223
FTLP3	0.399910837144143	-1.3108748445062	2.15825422944259	-0.607377400967613	0.543600482555886	0.935507377393223
SPRYD3	0.411500818869513	-1.31204010787875	2.2326057382425	-0.587672102335267	0.556752404403547	0.935507377393223
UFSP2	0.401953177179745	-1.3122218406463	2.21894994956439	-0.591370634972596	0.554272111374903	0.935507377393223
RP11-644F5.11	0.405403249116638	-1.31247312820292	2.27198830221457	-0.577676006044404	0.563482881395442	0.935507377393223
VAMP4	0.40810749784443	-1.31255041607897	2.22224023450699	-0.590642899762889	0.554759714298053	0.935507377393223
GFOD2	0.397555853921098	-1.31298392026862	2.20929142495101	-0.594300917226318	0.552310865273347	0.935507377393223
LPIN2	0.43096568656245	-1.31375082524175	2.278353077372	-0.576623016989586	0.564194147021476	0.935507377393223
SYVN1	0.403321886445592	-1.3144838699978	2.19232669945134	-0.599583935335352	0.548783556071003	0.935507377393223
MCM3AP	0.425358827803326	-1.31466799720768	2.19879707155444	-0.597903287308946	0.549904466305769	0.935507377393223
AC004951.6	0.451715138535159	-1.3147537351818	2.21527343175808	-0.593495013452304	0.552849919181763	0.935507377393223
SEC23B	0.428453237025053	-1.31537056549575	2.27700796447656	-0.57767499543996	0.563483563824138	0.935507377393223
VOPP1	0.415546663893447	-1.31541467288283	2.24441142672854	-0.586084466162332	0.557818754555517	0.935507377393223
ANKIB1	0.442411277117477	-1.31553887229751	2.25460326092722	-0.583490184324707	0.559563362897753	0.935507377393223
C5orf30	0.414356395462485	-1.31701199404038	2.24342367598646	-0.587054513214616	0.557167095622393	0.935507377393223
RAB11FIP1	0.424314505200154	-1.31726495541036	2.25925490954445	-0.58305282411712	0.559857740394867	0.935507377393223
MAPKAPK5-AS1	0.410477189416583	-1.31751224545926	2.19901359372348	-0.599137835809545	0.549080972711473	0.935507377393223
TERF2IP	2.50760459506956	-1.31916400146951	1.58108605625288	-0.834340418253948	0.404089181826459	0.935507377393223
HSDL2	0.396650894188537	-1.32024582949078	2.23783369052361	-0.589966017171664	0.555213432720553	0.935507377393223
KPNA1	0.439469033828882	-1.32030576993741	2.2873268864871	-0.577226533617656	0.563786434985134	0.935507377393223
STXBP3	0.426618113918141	-1.3217826203212	2.19349658231648	-0.602591602365439	0.54678040823978	0.935507377393223
KATNB1	0.409628266687878	-1.32207264665003	2.27612205806754	-0.580844354090784	0.561345358736664	0.935507377393223
ANAPC7	0.423441256484171	-1.32347653868934	2.17452532450231	-0.608627788224197	0.542771181191768	0.935507377393223
AP2A1	0.409132092871542	-1.32553960968547	2.24846807746357	-0.589530099613765	0.555505726793344	0.935507377393223
PICALM	0.429525283161607	-1.32554753053632	2.1796226909631	-0.608154583833319	0.54308495304352	0.935507377393223
CNOT1	0.412604683663104	-1.32593120007449	2.16020210196488	-0.613799606466657	0.539347757345241	0.935507377393223
ST13	7.15943390241692	-1.32605037723633	0.937278701742177	-1.4147876984418	0.157130751980495	0.935507377393223
ZNF37A	0.45860331112551	-1.32685398368222	2.23620163035489	-0.593351675301142	0.552945822400633	0.935507377393223
CAPZA2	2.48800280702585	-1.32733230564758	1.53401672135108	-0.865265865210741	0.386892881615893	0.935507377393223
GPN3	0.4079456883877	-1.32735190050507	2.19129897868219	-0.605737470522309	0.544689097772025	0.935507377393223
SNRNP35	0.41247105257482	-1.3277901334413	2.182000951562	-0.608519502473539	0.542842975218441	0.935507377393223
SPIRE1	0.422381202086581	-1.32857972243447	2.21035337461266	-0.601071185129975	0.547792574521005	0.935507377393223
FAM114A1	0.398009650911185	-1.32894064522884	2.27207477657275	-0.58490180822017	0.558613742682526	0.935507377393223
AP1B1	0.415705680282578	-1.32927353118196	2.22901974224156	-0.596348926835975	0.550942152040308	0.935507377393223
POLR3GL	0.408715390242732	-1.32928070047911	2.30296474574072	-0.577204103075214	0.563801585634864	0.935507377393223
SUMO1	7.30519466333037	-1.32940916966074	0.936703980412704	-1.41924150794685	0.155828618463552	0.935507377393223
SNX3	18.99437386479	-1.32963797888653	0.745142643971578	-1.78440730730376	0.074357504549435	0.935507377393223
RBM23	0.440681417719101	-1.33110854141786	2.22277096436912	-0.598850966993652	0.549272271495964	0.935507377393223
ERGIC1	0.437880190157914	-1.33134425135128	2.29991451982553	-0.578866840430348	0.562679026163154	0.935507377393223
UBAP2	0.453562438494629	-1.33155185287111	2.20484475592624	-0.603920910663725	0.545896225682159	0.935507377393223
MRPL44	0.434407757319399	-1.33310591475923	2.14551856400664	-0.621344385978989	0.534373055373435	0.935507377393223
HSPA12A	0.426787819771908	-1.33390881437216	2.20064907739239	-0.606143354738206	0.544419563732768	0.935507377393223
TMEM261	0.410197194475818	-1.33419062168926	2.19103186416362	-0.608932550690476	0.542569147460152	0.935507377393223
STK11	0.422194368317342	-1.33502950457608	2.16185297763734	-0.617539452675969	0.536878967002891	0.935507377393223
ULK1	0.415235731386554	-1.33553946615636	2.19858001164264	-0.607455475390469	0.543548682367116	0.935507377393223
CCDC47	2.53432191730322	-1.33608890630397	1.62268119334158	-0.823383491339154	0.410289948012843	0.935507377393223
MT2A	2.35838066882182	-1.33610558277988	2.70231204796396	-0.49443053173173	0.62100215589222	0.935507377393223
ARHGAP12	0.433622740775342	-1.33652031241149	2.23167347217092	-0.59888703660189	0.549248216631509	0.935507377393223
TRIAP1	2.48177347767873	-1.33667334686511	1.53191390572227	-0.872551219668508	0.382907738711103	0.935507377393223
FAM83H	0.41863994608279	-1.33669999227041	2.2204561314458	-0.601993425287823	0.547178513852343	0.935507377393223
WDR77	0.417413954921118	-1.33688811136655	2.20602181177066	-0.606017630575239	0.544503045828754	0.935507377393223
RCAN1	0.41500142033236	-1.33793846654659	2.25106892305987	-0.594356953197121	0.552273393459263	0.935507377393223
ASCC3	0.477280180473023	-1.33835580890546	2.31382245473386	-0.578417676847813	0.562982162408112	0.935507377393223
LSM6	0.436669789173576	-1.33922971374143	2.22608561795517	-0.601607459721881	0.547435462156925	0.935507377393223
GNG5	4.9403187667786	-1.34009941899254	1.11164163843981	-1.20551387484313	0.228004984997572	0.935507377393223
ORC2	0.451250154163378	-1.34056668604336	2.21967908623921	-0.603946171477732	0.545879430448626	0.935507377393223
CCDC126	0.434257831844745	-1.34058943996837	2.25424189081666	-0.59469635686821	0.552046457504145	0.935507377393223
CTXN1	0.414976055915001	-1.3410032218782	2.36391458375711	-0.567280743175948	0.570523458097282	0.935507377393223
NSMCE4A	0.410950888973064	-1.34107874472999	2.1943829393654	-0.611141620121154	0.541105828301694	0.935507377393223
C9orf69	0.437481961586462	-1.34145037448783	2.18406145575029	-0.614199921415213	0.53908322530031	0.935507377393223
PITPNA-AS1	0.40382641022306	-1.34153936732339	2.20950732117282	-0.607166744580549	0.543740259412501	0.935507377393223
TRMU	0.420529030940057	-1.34286571076496	2.17572857932366	-0.617202772223728	0.537100987424477	0.935507377393223
CEP290	0.434495423678434	-1.34300640662564	2.38662319317811	-0.562722431619901	0.573623907108252	0.935507377393223
SPATA2L	0.415965982713784	-1.34316183375978	2.21800291991824	-0.605572617464943	0.544798590063158	0.935507377393223
FLNB	0.417604043886482	-1.34371525644688	2.42627352376017	-0.553818538300837	0.579703039816022	0.935507377393223
CCNYL1	0.432400803884675	-1.34591121574689	2.15830852956032	-0.623595374485719	0.532893349108857	0.935507377393223
AKAP9	2.5983749674557	-1.34642711321002	1.54318559514056	-0.872498497555884	0.382936487446923	0.935507377393223
ZNF644	0.454307637027724	-1.34679571014642	2.24540452690431	-0.599800924069223	0.548638917419203	0.935507377393223
SPRYD4	0.416286999821286	-1.34683871452566	2.16111857977462	-0.623213703833929	0.533144097523047	0.935507377393223
EPS8L2	0.433512563476381	-1.34697979799008	2.21015945460316	-0.609449148650649	0.54222676896818	0.935507377393223
WAC-AS1	0.446705076581272	-1.34713313992658	2.33615999752194	-0.57664421159319	0.564179826378128	0.935507377393223
RBM3	2.46080324564531	-1.34748242573118	1.608841479434	-0.837548287358451	0.402284446542301	0.935507377393223
PRR34-AS1	0.403693529385641	-1.34805247387692	2.26294646603332	-0.595706745215189	0.5513711513062	0.935507377393223
ARSD	0.40657483227085	-1.34831643392146	2.26952207306434	-0.594097078818426	0.552447184580885	0.935507377393223
TRNAU1AP	0.441232411776954	-1.3483711504327	2.23883672125754	-0.602264174796692	0.546998303792176	0.935507377393223
VPS4B	0.444949509073	-1.34843814311932	2.23219910880322	-0.604085064724479	0.545787088654871	0.935507377393223
TMEM230	0.421184712250897	-1.34858003281143	2.18402749266648	-0.617473927109292	0.53692217353926	0.935507377393223
AGTPBP1	0.437665361491601	-1.34869838338127	2.24050002564897	-0.60196311892057	0.547198687507602	0.935507377393223
IARS2	0.451172878304687	-1.34889257176068	2.21701561998998	-0.608427184544047	0.542904186231008	0.935507377393223
SMARCE1	0.446850192259145	-1.3490207576905	2.20329339159716	-0.612274680637333	0.540356038535722	0.935507377393223
SNX12	0.431650865936162	-1.34967581847975	2.20921953219211	-0.610928791282469	0.541246723297633	0.935507377393223
HNRNPAB	5.02274754648046	-1.34971312960234	1.17768824350982	-1.14606996973991	0.251766201966782	0.935507377393223
PAAF1	0.441588819721665	-1.35430675561137	2.19372321100413	-0.617355347665516	0.537000367418767	0.935507377393223
SRI	2.5266608169423	-1.3551825504646	1.57533718098336	-0.860249200503648	0.389651688811856	0.935507377393223
TXNDC15	0.425855540840438	-1.35653058690158	2.18440903577656	-0.621005757019008	0.534595835299229	0.935507377393223
ICE1	0.452103379439699	-1.3573626536256	2.23605612333099	-0.607034250823534	0.54382818216946	0.935507377393223
RP11-356O9.1	0.41375311247346	-1.35768684236389	2.25756770358328	-0.601393632717604	0.54757783859032	0.935507377393223
LRRC75A	0.525499316986031	-1.35863580380931	2.97220694964473	-0.45711346041086	0.647589495840375	0.935507377393223
SIAH1	0.43685557769306	-1.35882651974481	2.18611239238611	-0.621572122493515	0.534223256614266	0.935507377393223
BRMS1L	0.440294199752402	-1.35885827831795	2.17128232247421	-0.625832147322744	0.531425043618819	0.935507377393223
PLRG1	0.460607638654561	-1.35888337602823	2.33020266168044	-0.583161026452638	0.559784904801525	0.935507377393223
ANKRD46	0.440479036030645	-1.36012494549759	2.15634582388286	-0.63075455264799	0.528201023490917	0.935507377393223
C6orf120	0.400009096611022	-1.36120237311856	2.14638133745805	-0.63418477852152	0.525960240116141	0.935507377393223
BCL10	0.488486845407532	-1.36186363665189	2.30459452723376	-0.590934162412749	0.554564535014744	0.935507377393223
ITFG3	0.453728505007579	-1.36209704297004	2.17881440901589	-0.625155147374513	0.53186923640919	0.935507377393223
MARVELD1	0.41084539331988	-1.36210025825756	2.21989583031801	-0.613587466427389	0.539487967918463	0.935507377393223
RP11-216L13.19	0.441452634405267	-1.36387014121011	2.29854771030276	-0.593361684465737	0.552939125306603	0.935507377393223
PIAS3	0.422020323568492	-1.36481837179914	2.17667681926559	-0.627019298280406	0.530646585197688	0.935507377393223
DCP2	0.436111671998261	-1.36494210733996	2.1990617778421	-0.620692934183664	0.534801679319516	0.935507377393223
NPC1	0.44546208392686	-1.36522162905131	2.23364496819825	-0.61120798000076	0.541061901090185	0.935507377393223
CEP95	0.475923235395821	-1.36547544753033	2.25546828257949	-0.605406628005732	0.544908848175464	0.935507377393223
ASCC1	0.422013814881992	-1.36585293378536	2.22997869879066	-0.612495955466332	0.540209673132582	0.935507377393223
TLDC1	0.424805191344813	-1.36616941453561	2.20849422996901	-0.618597683433741	0.536181428343868	0.935507377393223
UCHL1	0.419094004353239	-1.36704847743215	2.30118100296567	-0.59406386358585	0.552469399218584	0.935507377393223
SH3KBP1	0.461524447749948	-1.36782213306177	2.21994542498111	-0.616151243030402	0.53779470443477	0.935507377393223
RICTOR	0.455839956249794	-1.36793222399333	2.24451335626306	-0.609456040961518	0.542222201774974	0.935507377393223
CDKN2AIPNL	0.438944109539462	-1.36932481646658	2.18990717259904	-0.625288977359452	0.531781413046199	0.935507377393223
PHLDA3	7.45513227243527	-1.36957021537216	1.01891741753159	-1.34414251028317	0.178902307823466	0.935507377393223
MTHFD2L	0.408166224814525	-1.37021979418729	2.24402990720561	-0.610606743603327	0.541459957183335	0.935507377393223
PSMD5-AS1	0.454236434256838	-1.37077559447876	2.20572688250782	-0.621462070100105	0.534295643377374	0.935507377393223
ZMYM2	0.443589165820641	-1.37205004963301	2.20341319067802	-0.622693036166681	0.533486259811896	0.935507377393223
DDX21	2.55850154493225	-1.37261497704856	1.5706155613866	-0.873934405588569	0.382153976552604	0.935507377393223
YIF1B	0.413391472298047	-1.37272508830064	2.20488571947422	-0.622583327642025	0.53355837008854	0.935507377393223
SIL1	0.43497299851246	-1.37277747744409	2.22977641402504	-0.615657008841547	0.538120916985895	0.935507377393223
POLR1C	0.432929660463289	-1.37303736751224	2.14893960789668	-0.638937158804632	0.522863813447863	0.935507377393223
GABPB1	2.55927868314444	-1.37317042351785	1.5454403612388	-0.888530193696469	0.374255621770042	0.935507377393223
PSME1	2.48835336171516	-1.37499498417508	1.57814113190858	-0.871275044021053	0.38360399337201	0.935507377393223
PCBP2	9.8424768982522	-1.37617527629417	0.873379108942607	-1.57569062759045	0.115097118462148	0.935507377393223
DCLRE1C	0.483823861623016	-1.37676862179741	2.32258822961372	-0.592773443111086	0.5533327828693	0.935507377393223
ZNF91	0.436350484546594	-1.37680550913443	2.22060326037789	-0.620014179795508	0.535248451456506	0.935507377393223
TOPORS	0.456750416055638	-1.37774669900821	2.20462965719501	-0.624933396188249	0.532014772549968	0.935507377393223
CBX5	0.435393719560832	-1.37802246054973	2.20964740718892	-0.623639072942787	0.53286464408311	0.935507377393223
MED19	0.466440611616374	-1.37983274963093	2.18579169792914	-0.631273671200327	0.527861598997335	0.935507377393223
ASXL1	0.444871839697924	-1.38045687091826	2.14792536848276	-0.64269312666733	0.520423241827761	0.935507377393223
GIT1	0.435735313602654	-1.38151708420471	2.19998652740304	-0.62796615660893	0.530026110674729	0.935507377393223
PYGL	0.450742272447831	-1.38160064027078	2.41157672521513	-0.57290345599414	0.566710064454813	0.935507377393223
SAYSD1	0.418137206481693	-1.38160999188327	2.17315152618384	-0.635763302851432	0.524930709473705	0.935507377393223
PTEN	0.434711954227566	-1.38332180660753	2.14444577044515	-0.645071946174875	0.518880562838677	0.935507377393223
BTBD1	0.416960223483045	-1.38360284317511	2.21829136670657	-0.623724576465042	0.532808480042293	0.935507377393223
EPS15L1	0.450649051938036	-1.38375788983226	2.17186173365989	-0.637129826630555	0.524040281788143	0.935507377393223
RRS1	0.460293292771858	-1.38379120191626	2.18403575505447	-0.633593657390354	0.526346041167034	0.935507377393223
PRKCA	0.45606546175493	-1.38391930011793	2.22247721308828	-0.622692233678692	0.533486787261054	0.935507377393223
UBIAD1	0.41308947094513	-1.38474020070961	2.13982127211627	-0.647128906864313	0.517548518093619	0.935507377393223
DSTYK	0.464332536053763	-1.38624100443607	2.2040434424843	-0.628953575830413	0.529379449536998	0.935507377393223
EMC6	4.94973980317357	-1.38650194187757	1.09945957224957	-1.2610758747961	0.207281511685467	0.935507377393223
CHID1	0.425561011454202	-1.3868887394929	2.19379838462252	-0.632186051924519	0.527265310455078	0.935507377393223
XPA	0.453006941361991	-1.38704731361593	2.27799545883193	-0.608889411187481	0.542597743306541	0.935507377393223
RBM5	0.451878366632668	-1.38788544976241	2.20712827824274	-0.628819567690654	0.52946718796942	0.935507377393223
IFT52	0.447876443585008	-1.38889490946291	2.17048827655257	-0.639899751805579	0.522237775286494	0.935507377393223
COQ5	0.47016308606784	-1.388956681435	2.17723880369599	-0.637944114847287	0.523510059508398	0.935507377393223
TRIM37	7.7287975503166	-1.38902966810994	1.01851053535172	-1.36378527260916	0.172635156772543	0.935507377393223
TMED7	0.438452799682043	-1.38924800008488	2.2072262341398	-0.629408974303127	0.529081344200095	0.935507377393223
CKAP5	0.449556809790813	-1.38949929392918	2.24696264104531	-0.618390029521263	0.536318268586414	0.935507377393223
ZNF146	0.439192303604471	-1.38958427135367	2.14356604817512	-0.648258201578003	0.516817963680376	0.935507377393223
MARVELD2	0.458900851535561	-1.39043312434789	2.19126201066741	-0.634535312335561	0.525731529050178	0.935507377393223
NOM1	0.474044783612357	-1.39048143061217	2.2301640310801	-0.623488412167931	0.532963614754902	0.935507377393223
UBQLN4	0.435680052370337	-1.39090304959711	2.20789456419509	-0.629968057421336	0.528715483383341	0.935507377393223
MAGED2	0.447723619159337	-1.39149553038973	2.35542198245164	-0.590762734132845	0.554679407499885	0.935507377393223
NIPAL3	0.438044398609984	-1.3922829981578	2.19294457768129	-0.634892013381353	0.525498846296987	0.935507377393223
ATP6V0A1	0.465474756824034	-1.39245040271928	2.24676059935971	-0.619759133712822	0.535416377414717	0.935507377393223
PRKAB1	0.443810467464431	-1.39284075036299	2.18865441033441	-0.636391357075957	0.5245213728083	0.935507377393223
NCK1	0.456147642697908	-1.39288936787596	2.15242288246302	-0.647126259075108	0.517550231608287	0.935507377393223
RGL2	0.421064400203462	-1.39474400432182	2.1828614908081	-0.638952132416556	0.522854072163594	0.935507377393223
WDR82	0.468987325506542	-1.39497788193884	2.17890451109599	-0.64021983287242	0.522029690697781	0.935507377393223
TMEM234	0.430333014620346	-1.39513045624818	2.13983675889644	-0.651979853345298	0.514414169175711	0.935507377393223
ANXA4	0.455817821929039	-1.39547982940902	2.26236575480556	-0.616823264074273	0.537351305442649	0.935507377393223
ASMTL	0.44777938801879	-1.39606165063948	2.32267513319234	-0.601057647145299	0.547801591134732	0.935507377393223
SPAG1	0.45294070658365	-1.3972462321649	2.15706299689259	-0.647754022102157	0.517144057453711	0.935507377393223
PNPLA2	0.428545109286146	-1.39785590315318	2.1670430008868	-0.645052222120718	0.518893344290136	0.935507377393223
CSNK2A2	0.474585599274587	-1.39864626423114	2.23047863523895	-0.627061045165	0.53061922077338	0.935507377393223
TXNRD1	5.28941014706616	-1.39871849000113	1.32865349880862	-1.0527338326022	0.29246299801507	0.935507377393223
AURKA	0.44651534981717	-1.39888432608446	2.23275500609706	-0.626528357237798	0.530968443041786	0.935507377393223
SPATA33	0.460923816137058	-1.39891897538214	2.21414224627985	-0.631810796136773	0.527510518137285	0.935507377393223
TMEM79	0.443796166958087	-1.39904015359587	2.23785670310452	-0.625169677600454	0.53185970087126	0.935507377393223
RUFY2	0.476101450535039	-1.39911291456509	2.18001750997962	-0.641789760018107	0.521009699266469	0.935507377393223
USP48	0.448217724830119	-1.39932527322539	2.24968043252617	-0.622010687826485	0.533934840245969	0.935507377393223
PEX19	0.430058989024757	-1.40048196253416	2.15152937458087	-0.650923933031117	0.515095591207215	0.935507377393223
KHSRP	0.437710028291317	-1.4013821709731	2.21237921997156	-0.633427650342475	0.526454413304005	0.935507377393223
DUSP13	0.41726589552471	-1.40275661336588	2.59398051335346	-0.540773766859342	0.588663526466857	0.935507377393223
EXOSC8	0.463983805392755	-1.40291827424182	2.26259644983916	-0.620047942858549	0.535226223366952	0.935507377393223
UBE2W	0.458962873767525	-1.40297079695685	2.15013826451615	-0.652502594884316	0.51407699943464	0.935507377393223
SLCO4A1	0.445398262681674	-1.40302404257905	2.15526313976209	-0.65097575172836	0.515062139867621	0.935507377393223
SNX1	0.444953076281284	-1.40383773819382	2.15195414538324	-0.652354856726657	0.514172279301488	0.935507377393223
PIK3C2A	0.446598579672595	-1.40384263644615	2.17429080090765	-0.645655418244938	0.518502538688745	0.935507377393223
C19orf12	0.43548087615143	-1.40400923485723	2.15025369075755	-0.65295050574362	0.51378818716077	0.935507377393223
BLZF1	0.461127416394514	-1.40447756440609	2.18363260532344	-0.643184004938443	0.520104710822356	0.935507377393223
GPN2	0.460170734727245	-1.40519811634282	2.20444408241816	-0.637438766331237	0.523839083863726	0.935507377393223
TBC1D15	0.483657409043292	-1.4060788341738	2.2824925062846	-0.616027798690381	0.537876172887683	0.935507377393223
KLHDC4	0.447230028999485	-1.40732619015634	2.19744654495956	-0.640437053353777	0.521888500024517	0.935507377393223
FOXO3	0.462586539889918	-1.4086894694031	2.21255721470191	-0.636679341009895	0.524333732905836	0.935507377393223
KIAA1841	0.449941067609492	-1.40924589766283	2.18220473312147	-0.645789955577181	0.518415393856202	0.935507377393223
MKLN1	0.448293522271481	-1.40965544813083	2.20514261826481	-0.639258176072106	0.522654991775599	0.935507377393223
CEP164	0.458188704294825	-1.41027835354816	2.1748543329155	-0.648447269412111	0.516695705642832	0.935507377393223
PRPF4	0.467068521470273	-1.41118599172956	2.21445116211647	-0.637262187521359	0.523954076503342	0.935507377393223
CAMSAP2	0.471054801463956	-1.41191631491605	2.15935862072439	-0.653859114167148	0.513202577225203	0.935507377393223
CHRNA5	0.464870754544544	-1.41242322636486	2.23601784624733	-0.631669031056841	0.527603168448206	0.935507377393223
UIMC1	0.456772352898535	-1.41273489279945	2.16860082069609	-0.651449948426186	0.514756076622549	0.935507377393223
ARHGAP35	0.464690714647814	-1.41378405207562	2.14713899495481	-0.658450177374462	0.510248901744551	0.935507377393223
ZDHHC18	0.457568576392146	-1.41442344310396	2.23895942683665	-0.631732503121932	0.527561685369296	0.935507377393223
HELZ2	0.466856946446341	-1.41456157004781	2.25103886811619	-0.628403885016699	0.529739392696953	0.935507377393223
SRSF8	0.452037019829266	-1.4150116805171	2.1812624788501	-0.648712245425437	0.516524387878855	0.935507377393223
SMPD2	0.445285028371556	-1.4157637835718	2.16081576680807	-0.655198747306046	0.512339800772391	0.935507377393223
B4GALT5	0.485503280037574	-1.41598008314798	2.30335485413342	-0.614746824878924	0.538721931246545	0.935507377393223
NAGK	0.479255373318904	-1.41644325031075	2.21061726586449	-0.640745583680596	0.521687992821983	0.935507377393223
HNRNPLL	0.471556054079034	-1.41789236944767	2.22688532159787	-0.636715485838437	0.524310184674102	0.935507377393223
PROSER1	0.439604473228711	-1.41871543881782	2.1349257522692	-0.664526828302986	0.506353183856836	0.935507377393223
ZNF263	0.476847115695112	-1.41940485363136	2.19994573936261	-0.645199937541462	0.518797626669296	0.935507377393223
SLK	0.491424681063241	-1.41951798248196	2.2481931984221	-0.631403912919164	0.527776458192675	0.935507377393223
NSMCE1	0.449863564130619	-1.42002701443891	2.16050752084669	-0.657265480789631	0.511010228107652	0.935507377393223
C4orf32	0.454380462359644	-1.42072946721263	2.22006317038982	-0.639950018612834	0.522205094031176	0.935507377393223
KIAA0040	0.457051615789313	-1.42080754215077	2.26876826220329	-0.626246217306905	0.531153457002439	0.935507377393223
HACL1	0.481540027410021	-1.42160110357659	2.16076383880675	-0.657916000834986	0.510592108322455	0.935507377393223
FAM210A	0.462494683745316	-1.42218442526083	2.18662780300805	-0.650400778451822	0.515433374611143	0.935507377393223
MPP5	0.480465808079239	-1.42232190831176	2.21870597668235	-0.64105921346035	0.521484212217354	0.935507377393223
COPB1	0.487098463132018	-1.42234484634714	2.32916756932229	-0.610666602558354	0.541420320258888	0.935507377393223
MAP2K4	0.481310986496191	-1.42251548647372	2.15865699478897	-0.658981714050769	0.509907511070636	0.935507377393223
SLC25A44	0.459352147475959	-1.42270049521188	2.17271743101931	-0.65480235713138	0.512595012829901	0.935507377393223
NUP54	0.470421790141072	-1.42291497250075	2.20705820340331	-0.644711122845153	0.519114406913358	0.935507377393223
TMEM242	0.430430745887674	-1.42300721749591	2.17804416647944	-0.653341763861493	0.513535973598688	0.935507377393223
ZG16B	0.424676872302028	-1.42332686594111	2.30666699987823	-0.617049130202253	0.537202320390455	0.935507377393223
URM1	2.59954100815747	-1.42466008924006	1.53512496472258	-0.928041769874749	0.353385903003056	0.935507377393223
SLTM	2.69832213441651	-1.42528762335678	1.58854945247346	-0.897225844079027	0.369598417272886	0.935507377393223
JMJD4	0.449755747040383	-1.42557983766427	2.22706969116991	-0.640114605895154	0.522098094014809	0.935507377393223
TRIP11	0.510953778620699	-1.42593491357447	2.26093024327337	-0.630685054444673	0.528246473172405	0.935507377393223
GTF2I	0.492009436366092	-1.42637637943668	2.29968810820469	-0.620247752009387	0.535094687491024	0.935507377393223
TFRC	0.447913608815319	-1.42713665818359	2.16370029315134	-0.659581487649119	0.509522437359986	0.935507377393223
GOLGA2P7	0.439000408697515	-1.42728685332915	2.13436660892465	-0.668716820887791	0.503676135370395	0.935507377393223
RMND5A	0.466116590245316	-1.42758573589728	2.1772308572151	-0.655688730097874	0.512024421590757	0.935507377393223
SLC35F5	0.450496310955614	-1.42799663019991	2.21567012551621	-0.644498751756745	0.519252066798851	0.935507377393223
ZHX1	0.47378590217817	-1.4280991980401	2.17358967683491	-0.657023362440532	0.51116589460838	0.935507377393223
REEP1	0.46190969225628	-1.42897857277161	2.21682401163	-0.644606231832046	0.519182395380004	0.935507377393223
NDUFS1	0.47874761620521	-1.42916573151637	2.23998515839917	-0.63802464322475	0.523457638562066	0.935507377393223
CCDC122	0.474978927822813	-1.42953344493132	2.23636915391888	-0.63922069503878	0.522679370971617	0.935507377393223
ROGDI	0.438907807763879	-1.43025620233037	2.21512594980847	-0.645677146463856	0.518488464000842	0.935507377393223
RBFOX2	0.442473939926883	-1.43090009296508	2.17903010365882	-0.656668345500343	0.511394192407595	0.935507377393223
ELP6	0.466717848094157	-1.43113314292108	2.20119656717133	-0.650161445944908	0.515587941928255	0.935507377393223
PHF3	0.494502073504891	-1.43203251628278	2.23478590870369	-0.640791813974452	0.52165795216554	0.935507377393223
C16orf52	0.445747241903844	-1.43235632197683	2.16376676042175	-0.661973530685739	0.50798818548779	0.935507377393223
EFTUD2	0.443185553059577	-1.43254265584496	2.16895013518728	-0.660477450635933	0.508947484369849	0.935507377393223
STK26	0.446713406575887	-1.43269361268202	2.16031983987408	-0.663185879349017	0.507211513987455	0.935507377393223
CHURC1	2.67958619833878	-1.43299119357249	1.52681965999654	-0.938546464338648	0.347963650343603	0.935507377393223
NUP50	0.45851364450066	-1.43327568863606	2.16083646942605	-0.663296695014019	0.507140552855509	0.935507377393223
STK19	0.463847987679082	-1.43340848147537	2.20868477456451	-0.648987351197728	0.516346551969889	0.935507377393223
DUS4L	0.453367954532926	-1.43351855837599	2.15180990973237	-0.666192005108054	0.505288382445767	0.935507377393223
CORO1C	0.464732986022757	-1.43538122413374	2.19065843560784	-0.655228218512974	0.512320828661678	0.935507377393223
VIPAS39	0.465713972185178	-1.43591691156925	2.20341902726884	-0.651676732295937	0.514609735741621	0.935507377393223
CD320	0.448403012041288	-1.43703700889099	2.36689986657894	-0.607138911612702	0.543758728762122	0.935507377393223
TMEM134	2.57319700066025	-1.43785153893663	1.54204102784935	-0.932434035780467	0.351112262013329	0.935507377393223
CCDC115	0.472703625324628	-1.43836692310201	2.20930973197127	-0.651048108957821	0.515015431853804	0.935507377393223
AC240274.1	0.499764184024231	-1.4396211907012	2.42723168965451	-0.593112390892569	0.553105938530198	0.935507377393223
C7orf26	0.473632507914895	-1.44079629402545	2.17005509123904	-0.663944569814031	0.506725788751927	0.935507377393223
TNFRSF10B	0.462674588142773	-1.44105548338125	2.15158860550882	-0.669763485311103	0.503008574166171	0.935507377393223
RRN3P3	0.471789591983308	-1.44306221423697	2.15434508673731	-0.669838004654328	0.502961063660409	0.935507377393223
CERCAM	0.459783251893362	-1.44326353263939	2.26393044788609	-0.637503477188096	0.523796945738331	0.935507377393223
ACAT2	0.447317477738295	-1.4435329981024	2.29098859103827	-0.630091744563512	0.528634560621737	0.935507377393223
ADD1	0.490037907711245	-1.44375319554905	2.1788794391127	-0.662612703407302	0.507578632099556	0.935507377393223
KAT7	0.464774063584203	-1.44415763594052	2.1569963996016	-0.669522506485061	0.503162228707725	0.935507377393223
PMAIP1	0.495496391196506	-1.44453886889653	2.73696466832057	-0.52778864324285	0.597646040383168	0.935507377393223
DNAJC1	2.67565051049689	-1.44517118478203	1.56482175129074	-0.92353725501961	0.355727294971449	0.935507377393223
PPP1R8	0.495537281361516	-1.44562491210007	2.23145356837876	-0.64784001450246	0.517088431655931	0.935507377393223
C16orf45	0.4681040889677	-1.44580207955752	2.22882114464565	-0.64868465692315	0.516542223593881	0.935507377393223
TCOF1	0.461095377077668	-1.44593770541708	2.17004252284179	-0.666317682809065	0.505208065422863	0.935507377393223
RHOB	0.48855195376771	-1.4460765092758	2.41883031210998	-0.597841238401864	0.549945871482876	0.935507377393223
MED7	0.460173383564577	-1.44653584369011	2.19687499555868	-0.658451594476018	0.510247991422199	0.935507377393223
SND1-IT1	0.478169203646868	-1.4478513322012	2.24116288753242	-0.646026819494286	0.518261986688985	0.935507377393223
UAP1	0.46062652337856	-1.44885774832653	2.13603076591746	-0.678294419464606	0.497585036287172	0.935507377393223
LACTB	0.44980813390885	-1.45073122563657	2.2044177382547	-0.658101774659624	0.510472735598105	0.935507377393223
FOXP4	0.450256395767741	-1.4513944314216	2.1677352109212	-0.66954415101502	0.503148426563304	0.935507377393223
VPS37C	0.471734121290381	-1.4521342800936	2.2057626720038	-0.658336591930094	0.510321869897872	0.935507377393223
STT3B	0.476208526406926	-1.45227342117519	2.1922389408372	-0.662461282902208	0.507675639937768	0.935507377393223
JMY	0.498449323989691	-1.45250784119283	2.2402317513011	-0.648373919505977	0.516743134541649	0.935507377393223
EEF1A2	7.61333303229874	-1.45347286512031	1.1884749502282	-1.22297307557153	0.221339865811378	0.935507377393223
GSTM4	0.453795508312457	-1.45347304170637	2.24509698561658	-0.647398776542026	0.517373887548321	0.935507377393223
ERV3-1	0.463444597763593	-1.45487833002456	2.15748473535194	-0.674340034107927	0.50009515733489	0.935507377393223
CTD-2192J16.15	0.429275881755107	-1.455746046803	2.16934670674561	-0.671052737801818	0.502186933662405	0.935507377393223
SMG7	0.483725835740144	-1.45607190165958	2.15512992688141	-0.675630681704	0.499275156484986	0.935507377393223
CHD1L	0.486462132057992	-1.45637861520102	2.19755688802842	-0.662726240733472	0.507505900577586	0.935507377393223
IPO7	0.479155533481234	-1.45705316716722	2.22897152940727	-0.653688550052803	0.513312481504433	0.935507377393223
PEX26	0.4885729393582	-1.45816569368346	2.17984355471342	-0.668931350844194	0.503539270347902	0.935507377393223
DMAP1	0.48191575739549	-1.45861278792745	2.21224375840727	-0.659336378454785	0.509679786853737	0.935507377393223
TRIM11	0.479518880830853	-1.45898157831248	2.20252115547643	-0.662414331269785	0.507705721568104	0.935507377393223
TRMT12	0.480479081966828	-1.46011036798662	2.15728067659926	-0.676829113533959	0.49851438399561	0.935507377393223
CDC16	0.475820613739581	-1.46024760677979	2.16929035502135	-0.673145299982406	0.500854856845779	0.935507377393223
NUDCD3	0.47026065483035	-1.46076382408237	2.15752889391693	-0.677054118812005	0.498371617909387	0.935507377393223
COA6	2.61986431379715	-1.46172793307505	1.5286161382592	-0.956242640967853	0.338949661397386	0.935507377393223
ME1	2.69784551170406	-1.46343757569135	1.55405906070049	-0.941687232293289	0.346352793727944	0.935507377393223
SDHD	0.480091747515589	-1.46360990097457	2.21721943251519	-0.66011053281915	0.509182899968468	0.935507377393223
BET1L	0.441999555000916	-1.46389149657263	2.1674855977595	-0.675386954398142	0.499429951625053	0.935507377393223
LTBP3	0.447396578279216	-1.46404383525963	2.29464429185414	-0.638026486482855	0.523456438701864	0.935507377393223
MAP3K9	0.47630388541354	-1.465069741958	2.15000755467827	-0.681425392562042	0.495602360119857	0.935507377393223
ALDH3A2	0.451278993767949	-1.46576590574917	2.24034665833363	-0.654258527490296	0.512945260183134	0.935507377393223
KIF3B	0.489917852092616	-1.46595375366681	2.13741682325459	-0.68585300616968	0.492805806847586	0.935507377393223
FAM195A	2.61570280449539	-1.46630355193155	1.54663248087826	-0.948062044512932	0.343097869295552	0.935507377393223
ANAPC2	0.453801018246391	-1.46822640938092	2.14218479784752	-0.685387372208133	0.493099510406569	0.935507377393223
DOLK	0.464349406758358	-1.46828262400437	2.15741066668208	-0.680576325444087	0.49613961132826	0.935507377393223
KAT5	0.472262568856734	-1.46922773749572	2.21587286616946	-0.663046946387112	0.507300487479817	0.935507377393223
UCHL5	0.47756808687137	-1.469336611321	2.2345474582269	-0.657554443926158	0.510824475849441	0.935507377393223
COMTD1	0.471483970268587	-1.47031960758315	2.35736841400565	-0.623712271212106	0.532816562714612	0.935507377393223
JOSD1	0.477797056340624	-1.47045135776973	2.15831210593681	-0.68129690498654	0.495683641287581	0.935507377393223
FASTKD2	0.499929395839654	-1.47139989462068	2.20660311601873	-0.666816739240111	0.504889199121863	0.935507377393223
WDR6	0.4588016702818	-1.4715152642896	2.18761723809692	-0.672656641510889	0.501165757868591	0.935507377393223
WDR20	0.482331541223732	-1.47167589126399	2.21492726318472	-0.664435313847711	0.506411737191421	0.935507377393223
MRPL16	0.477222202410534	-1.47174270743676	2.17240924583493	-0.677470283400087	0.49810761835232	0.935507377393223
E4F1	0.487794934965122	-1.47235439404429	2.17491937815677	-0.676969642567672	0.498425215625996	0.935507377393223
RDX	5.28791803117365	-1.47338435160486	1.40974922439566	-1.04513932414929	0.295958581568107	0.935507377393223
CROT	0.471083027027083	-1.47407356668864	2.19905406336204	-0.670321658411158	0.502652763324658	0.935507377393223
U2AF2	0.47465340974527	-1.47434489792087	2.18038113512146	-0.676186779536934	0.49892206521752	0.935507377393223
CDK8	0.493717654250231	-1.474680987209	2.15691303607013	-0.683699788794384	0.494164756877411	0.935507377393223
GOLGA5	0.497664702396	-1.47529221032754	2.17492975433031	-0.678317176630748	0.497570610182923	0.935507377393223
LGALS1	0.472137287363352	-1.47606775047828	3.48209302309687	-0.423902446226295	0.671636960069952	0.935507377393223
CDK5	0.457627197382819	-1.47618926515013	2.22809611430049	-0.662533925567917	0.507629100059577	0.935507377393223
MRFAP1L1	0.470257473530066	-1.4763486947107	2.15756911757406	-0.684264843561855	0.493807942606848	0.935507377393223
SMOX	0.478036388116401	-1.47674382636152	2.26645649965873	-0.651565042869288	0.514681804871791	0.935507377393223
PNN	2.83516467338895	-1.47715004615177	1.6012153588709	-0.922518034796638	0.356258427594479	0.935507377393223
AP1M1	0.477364974245293	-1.47743358780759	2.14995341165213	-0.687193303724777	0.491960923547865	0.935507377393223
SLC31A1	0.483410752456213	-1.47809555909309	2.13862998277257	-0.691141324586151	0.489476732882537	0.935507377393223
ARL14EP	0.496061946731769	-1.47956750361901	2.14822767758308	-0.688738684013061	0.490987727752077	0.935507377393223
RYBP	0.492506638875051	-1.47973889896641	2.215705470651	-0.667840973706509	0.504235108784625	0.935507377393223
CLASRP	0.474811155573294	-1.48012620407907	2.14639664730862	-0.689586524436202	0.490454244049623	0.935507377393223
GBF1	0.476543625302187	-1.48051567980392	2.13936010847886	-0.692036686080215	0.488914290614342	0.935507377393223
GGA2	0.491588656137585	-1.48077817038419	2.16399892638194	-0.684278606764353	0.493799253298925	0.935507377393223
ALOX12P2	0.517252325003207	-1.48078609045677	2.23737610619361	-0.66184048643301	0.508073456111147	0.935507377393223
LSM14B	0.477468717544582	-1.48222837855113	2.15420125676051	-0.68806402089845	0.491412466344556	0.935507377393223
EVL	0.480569521093544	-1.48252308200374	2.35646167037632	-0.629130997818007	0.529263298364594	0.935507377393223
PRKD2	0.478397699343432	-1.48469538893276	2.22088421795287	-0.668515439450193	0.503804629817583	0.935507377393223
CCNL2	0.488519076148919	-1.48542394641256	2.14178843122707	-0.693543734178046	0.487968389933585	0.935507377393223
ZNF275	0.459984154741557	-1.48552262105579	2.19363296070524	-0.677197438070133	0.49828069302648	0.935507377393223
PACS1	0.46415985709458	-1.48566606052884	2.22293873901349	-0.668334234522431	0.503920265126914	0.935507377393223
PLEKHM2	0.487600187557473	-1.48585091944609	2.15712497759921	-0.688810771223732	0.490942356441491	0.935507377393223
GCLC	0.487324577009513	-1.48615509676531	2.18953722367549	-0.678753062836978	0.497294338454925	0.935507377393223
C7orf43	0.470304928148172	-1.48842556014134	2.13424510679963	-0.697401416266235	0.485551615473014	0.935507377393223
FBXW5	2.75362949016358	-1.49035417701794	1.53030737440409	-0.973892044138056	0.330110144402532	0.935507377393223
SDR39U1	0.461042830821613	-1.49239662230862	2.19797814348845	-0.678986106722613	0.497146664996264	0.935507377393223
KLHL5	0.491893622385355	-1.49351738158401	2.17355811778833	-0.687130180399186	0.492000697148013	0.935507377393223
POC5	0.522655336281583	-1.49381222066573	2.22436927670035	-0.671566648718356	0.50185961630065	0.935507377393223
ACO2	2.64034735014691	-1.49398014752427	1.52414467794695	-0.980208879866107	0.326983022141852	0.935507377393223
RGP1	0.47617675927006	-1.49427692559884	2.17538923053267	-0.686900948403126	0.492145149257054	0.935507377393223
USP11	0.496579380159466	-1.49504476150642	2.26969530916009	-0.658698440919658	0.51008943435458	0.935507377393223
SLC30A9	0.509194876467814	-1.49583673126708	2.18097966753646	-0.685855422465591	0.492804282987878	0.935507377393223
CDS1	0.494938720748198	-1.49612299896227	2.1471475762866	-0.696795607104822	0.48593071565149	0.935507377393223
HILPDA	0.489846002048396	-1.49678385345243	2.33997111299143	-0.639659115936236	0.522394240648938	0.935507377393223
SNRNP40	0.501936450671392	-1.49896578634624	2.21413583499205	-0.676998114865713	0.498407150439695	0.935507377393223
LSM1	2.73489014899903	-1.49936039609164	1.49647125788701	-1.00193063394262	0.316377095983555	0.935507377393223
GEMIN6	0.481705301831552	-1.49974620467318	2.14243779993361	-0.700018551166179	0.483915719172153	0.935507377393223
LPIN1	0.506883865956132	-1.50002192635715	2.16721500641462	-0.692142644784812	0.488847753225124	0.935507377393223
ILF3-AS1	0.474117683427066	-1.50046153611279	2.14930900302361	-0.698113456000031	0.485106243586844	0.935507377393223
LINC00969	0.522488435209873	-1.5027928780623	2.17527720335025	-0.690851205422359	0.489659052716565	0.935507377393223
PDLIM5	0.47656699598693	-1.50337000837414	2.2830379686568	-0.658495403498975	0.510219849657176	0.935507377393223
CLK1	0.555126508588347	-1.50412364035864	2.26678388088276	-0.663549645400199	0.506978594884733	0.935507377393223
CUL5	0.521113265337085	-1.5058723822512	2.19281890247341	-0.686729022881297	0.492253504227929	0.935507377393223
BCL2L1	0.491116653777424	-1.50627962699366	2.17256782074477	-0.693317655085813	0.488110225795326	0.935507377393223
ALKBH3	0.501539519408851	-1.50676288672226	2.15163565833667	-0.700287188904032	0.483747970745336	0.935507377393223
LIMK1	0.494345816863892	-1.50678084624783	2.18040190564679	-0.691056470986189	0.489530053721094	0.935507377393223
LRRFIP1P1	0.535046513045785	-1.50775386122616	2.26162809287581	-0.666667462247941	0.504984566800278	0.935507377393223
ZNF800	0.535307799523198	-1.50866072414789	2.17604712038428	-0.693303334296121	0.488119211017368	0.935507377393223
EIF2D	0.449875966994873	-1.50962729277482	2.19987913948248	-0.686231923236456	0.492566870097608	0.935507377393223
RUNX1	0.472851397210108	-1.51005076889738	2.23505643767096	-0.675620867306119	0.499281389274782	0.935507377393223
DNAJB12	0.503401068759568	-1.51113130238287	2.16059790566209	-0.699404224368998	0.484299448587152	0.935507377393223
TRNT1	0.509909182666006	-1.51114834536799	2.22550994804826	-0.679012172780109	0.497130149110021	0.935507377393223
CCDC23	0.488988520972835	-1.51202929505336	2.15025233561264	-0.703186909745903	0.481939275914437	0.935507377393223
STAM2	0.473082625511851	-1.51216189193828	2.16279782047794	-0.699169324853544	0.484446218402643	0.935507377393223
LCMT1	2.74002345601839	-1.51251488810834	1.55388085459924	-0.973378932903087	0.330365005394885	0.935507377393223
METTL6	0.511521868958717	-1.51273123010834	2.16641138231422	-0.698265916832654	0.485010910021526	0.935507377393223
MAP4K5	0.516966977745978	-1.51449792885559	2.21617059491809	-0.68338508431097	0.494363542618048	0.935507377393223
SNCG	0.460166294127027	-1.51561815352544	2.49133308332604	-0.608356290722083	0.542951194413703	0.935507377393223
TMEM243	0.473017843331112	-1.51569147654617	2.18542489762929	-0.693545441982638	0.487967318588143	0.935507377393223
MAML1	0.454036438743145	-1.51578774853293	2.1630614835367	-0.700760362139383	0.483452578702711	0.935507377393223
RRAS	0.479650745351906	-1.51630978056251	2.34660852343767	-0.646170746171668	0.518168782672759	0.935507377393223
PDLIM7	5.35401010236334	-1.51676462190618	1.35442806592554	-1.11985616664677	0.262775059922155	0.935507377393223
RPL22L1	2.78895939035438	-1.5171310828683	1.65564099137947	-0.916340614159496	0.359488272346913	0.935507377393223
BZW2	0.494583811232734	-1.51756141616744	2.21139102857516	-0.686247432750613	0.492557091463116	0.935507377393223
DBN1	0.495259322706083	-1.5176955434815	2.29090559126905	-0.662487161961469	0.507659059779116	0.935507377393223
DHX40	0.504494622393188	-1.51919689872603	2.1343466033232	-0.711785469314415	0.476597632016244	0.935507377393223
MAGOHB	0.492757307166504	-1.51977178798028	2.17409962374493	-0.699035026445771	0.484530141508126	0.935507377393223
AATF	0.512584146200001	-1.5200319896503	2.21594359921544	-0.685952471980095	0.49274307988788	0.935507377393223
CREB3	2.75528021297681	-1.52073519473905	1.55974491597465	-0.97498967886603	0.329565379655348	0.935507377393223
CCDC92	0.503647012028258	-1.52074333191621	2.26424798676914	-0.6716328515262	0.501817458977411	0.935507377393223
TMEM179B	2.8208169401317	-1.52216927084627	1.72433141442731	-0.882759113538399	0.377366435642604	0.935507377393223
FBP1	0.522506667537149	-1.52232574158338	2.44487610195707	-0.622659667851796	0.533508191938306	0.935507377393223
NUDT1	0.453898145463845	-1.52262176592036	2.19603089457196	-0.693351705426321	0.488088862117318	0.935507377393223
FOSL2	0.491842114986791	-1.52321060966595	2.1814319088546	-0.698261817608479	0.485013473128447	0.935507377393223
PDCD2L	0.51205616956131	-1.52477203305654	2.20365770639586	-0.691927801959015	0.488982670119159	0.935507377393223
TAF6	0.487059382933202	-1.52486083651422	2.16374487601534	-0.704732269232377	0.480976865597185	0.935507377393223
COPZ2	0.465526368901912	-1.52513217689439	2.22574679966289	-0.685222675429828	0.493203417091379	0.935507377393223
OCLN	0.493947615003764	-1.52520646220074	2.18597690716266	-0.697723044192823	0.485350413854487	0.935507377393223
HIATL1	0.49282160986235	-1.52626595052931	2.1484961986555	-0.710388015340415	0.477463553032828	0.935507377393223
DCAF10	0.513353062368632	-1.52652285959302	2.16006983446128	-0.706700697930785	0.479752495753674	0.935507377393223
BOD1	2.86930945165576	-1.52767824448032	1.53682824886635	-0.994046176342229	0.320200387242589	0.935507377393223
LINC01534	0.466203995407871	-1.52845273073272	2.30751112078509	-0.662381523089993	0.50772674212815	0.935507377393223
KCTD13	0.453299008202004	-1.52951106354581	2.14823208706173	-0.711985950101799	0.476473476314976	0.935507377393223
RNF168	0.540689514101596	-1.53022844453672	2.26510713129064	-0.675565593961471	0.49931649226504	0.935507377393223
NINJ1	2.74902778471304	-1.53272735077934	1.56988031733859	-0.976333885998242	0.328899032817639	0.935507377393223
HMGB1	2.86375019327846	-1.53273756334143	1.68483878868269	-0.909723573339511	0.362968308928514	0.935507377393223
RASSF7	0.469951967905966	-1.53300601834027	2.16144179243368	-0.709251585541975	0.478168366665842	0.935507377393223
UBAC2	0.496092007560834	-1.53356767842035	2.14232500818622	-0.715842681460702	0.474088494391973	0.935507377393223
HEBP2	10.8929417286072	-1.53433381298807	0.896428784022948	-1.71160703486379	0.0869691110163783	0.935507377393223
TPM1	2.86050227695553	-1.53437477344433	1.63796776435395	-0.936755171155351	0.348884509582919	0.935507377393223
MMGT1	0.490783958053361	-1.53633264549405	2.15381838535214	-0.71330649600842	0.475656118641667	0.935507377393223
RECK	0.469672717919274	-1.53654208985624	2.16344002398076	-0.710230962182616	0.477560923523544	0.935507377393223
CSNK1G2	0.479408614520846	-1.5371585210903	2.15186864891449	-0.714336593855633	0.475019069307227	0.935507377393223
RP5-1014D13.2	0.464681433124083	-1.53803815571722	2.13911139660253	-0.719007976003507	0.472136005316884	0.935507377393223
STX10	0.478636019123195	-1.53815042909785	2.1645051492275	-0.710624518332425	0.477316945389168	0.935507377393223
RCN2	2.8199438627581	-1.53878620826096	1.53019369137179	-1.00561531323624	0.314600654757149	0.935507377393223
TMEM125	0.487103933300664	-1.54047011111394	2.27978293848603	-0.675709114718153	0.499225347834218	0.935507377393223
ZNF408	0.515978995113789	-1.54085178103301	2.1267320857425	-0.724516167956838	0.468748904877959	0.935507377393223
POLR3D	0.511544066710368	-1.54085186952215	2.18953066669106	-0.703736144445405	0.48159710668597	0.935507377393223
WRNIP1	0.479077428340104	-1.54126015954245	2.20009670854846	-0.700542005064548	0.48358888223945	0.935507377393223
C2orf68	0.539687328868146	-1.54218884879446	2.20044055230742	-0.700854584404608	0.48339376942629	0.935507377393223
PVT1	0.501882525029098	-1.54448339202953	2.27083237050575	-0.680139763766691	0.496415968678039	0.935507377393223
RPS7P1	0.45949111504906	-1.54569462254525	2.14165441399868	-0.721729244663376	0.470460958320911	0.935507377393223
DDX17	0.530116361476152	-1.54621663952651	2.22298927496761	-0.695557399641092	0.486706052649875	0.935507377393223
PEX10	0.508969779152477	-1.54632704169834	2.19641050464379	-0.704024606706715	0.481417449749934	0.935507377393223
EEF2KMT	0.487593057642295	-1.54654343042714	2.17250257444865	-0.711871851668406	0.476544134135279	0.935507377393223
PDLIM2	0.498528133060079	-1.54711723557852	2.23237223979234	-0.693037302650941	0.488286142153548	0.935507377393223
GIPC1	5.69105802991371	-1.54737492396273	1.18813153268851	-1.30235995038472	0.192793366641649	0.935507377393223
PIGC	0.516984658376876	-1.54748068297274	2.15374274702429	-0.718507670013427	0.472444320360673	0.935507377393223
MFSD10	0.487130396618346	-1.54757640693388	2.1568785080422	-0.717507454019102	0.473061038717386	0.935507377393223
BMI1	0.521160477023046	-1.54814875792208	2.18030559408977	-0.710060443874792	0.477666654494199	0.935507377393223
FZR1	0.499929499729811	-1.54856908382771	2.16239484690608	-0.716136133067177	0.473907294468481	0.935507377393223
HSPB1	51.7867520418084	-1.54940412947198	1.21938461431784	-1.27064431622237	0.203855213656401	0.935507377393223
PLCB1	0.514772146386716	-1.55028960061897	2.21157303115849	-0.700989557557988	0.483309532054608	0.935507377393223
H2AFV	2.77453077094306	-1.55040821722075	1.5098086282277	-1.02689055303698	0.304472003165644	0.935507377393223
ZNF226	0.521676566532604	-1.55466088644467	2.17969149205948	-0.713248132640895	0.475692226654697	0.935507377393223
TRMT6	0.515761557949782	-1.55478707234478	2.14563088085458	-0.724629332201598	0.468679459114302	0.935507377393223
PSPC1	0.532199617337269	-1.55487415971599	2.20021567837744	-0.70669170072574	0.47975808817791	0.935507377393223
CANT1	0.504119089932519	-1.55505830480205	2.14180699277342	-0.726049690774617	0.467808308799713	0.935507377393223
KDM5C	0.513297322908393	-1.55514819418508	2.18132972394244	-0.712935865273212	0.475885444505779	0.935507377393223
EFNA1	0.543040201539075	-1.55597126117726	2.3759842615724	-0.654874397251916	0.512548625554221	0.935507377393223
FAM98A	0.523352615517405	-1.55673470089849	2.16077626256449	-0.720451593193131	0.471246993698701	0.935507377393223
ARID1A	0.524754995858711	-1.55717731552535	2.14776388410512	-0.725022581415723	0.468438177239749	0.935507377393223
UBR5	0.538019854270848	-1.55879291082194	2.21063805276329	-0.705132578747326	0.480727733860871	0.935507377393223
SNTB2	0.521123826728817	-1.55920459182445	2.1481879971806	-0.725823156013736	0.467947189487567	0.935507377393223
TSC2	0.533729394119097	-1.56103423912414	2.20050973003583	-0.709396653791993	0.478078363700772	0.935507377393223
C12orf29	0.51252352257011	-1.56106335366563	2.20383356688807	-0.70833994777107	0.478734175142717	0.935507377393223
UMPS	0.539819097011429	-1.56134083315664	2.19737204115168	-0.710549148672302	0.477363664188159	0.935507377393223
C22orf39	0.487056321753743	-1.56205077805586	2.14655885539469	-0.727699952941026	0.466797279162324	0.935507377393223
RASSF1	0.518783191220929	-1.56250392233657	2.45684024693067	-0.635981083543629	0.524788751581413	0.935507377393223
RP11-758H9.2	0.55690140444236	-1.56270594919415	2.19190020634157	-0.712945755775264	0.475879324021306	0.935507377393223
SLC25A14	0.497601253459082	-1.56299296867501	2.14415457108372	-0.72895536065995	0.466028968850702	0.935507377393223
ARCN1	0.520555817957235	-1.56313490756705	2.14283618237932	-0.729470092217412	0.465714155930238	0.935507377393223
MPV17	0.463702397344371	-1.56369484714325	2.17131106998372	-0.720161596723668	0.471425505836707	0.935507377393223
SORBS3	0.495408910805131	-1.56372244920225	2.15174040904194	-0.726724488990982	0.467394748536291	0.935507377393223
BEX4	0.521507845605235	-1.56497111419914	2.2566568576737	-0.69349095272394	0.488001501589918	0.935507377393223
NELFA	0.50040237747435	-1.56551190735089	2.14933312344562	-0.728370995763187	0.466386513139057	0.935507377393223
DSCR3	0.510105270791328	-1.56617756073497	2.15094833425888	-0.728133510131288	0.466531862480865	0.935507377393223
TRAFD1	0.506874411130173	-1.56623379185468	2.10308293812306	-0.744732299170521	0.456433569224331	0.935507377393223
AARS	0.544778920324542	-1.56657728334712	2.22088856929648	-0.705383108817282	0.480571852800022	0.935507377393223
CFLAR	0.546567376697687	-1.56758141340908	2.20922981664125	-0.709560137927304	0.477976946287635	0.935507377393223
DESI1	2.82108949643959	-1.56779474835195	1.55662588905528	-1.00717504403286	0.313850663507033	0.935507377393223
C1orf27	0.553022139592993	-1.56936603450331	2.20795959726568	-0.710776608614939	0.477222677999993	0.935507377393223
PTPN9	0.524740700817338	-1.56980512911925	2.17879185392842	-0.720493390081686	0.471221268005138	0.935507377393223
AGGF1	0.54444772262024	-1.57056827013006	2.17203564089813	-0.723085864963354	0.469627132873046	0.935507377393223
ADIPOR2	0.514562949040512	-1.57082264679887	2.16375094393338	-0.725972021504167	0.467855922591137	0.935507377393223
SETD7	0.510249747496729	-1.57098432807722	2.15199314272424	-0.730013631032523	0.465381852608918	0.935507377393223
DYRK1B	0.498339395718687	-1.57162030812127	2.15288787465611	-0.730005648051836	0.465386732210004	0.935507377393223
DDX52	0.532567340890305	-1.5721501219833	2.14309254739916	-0.733589468122243	0.463198981690133	0.935507377393223
AKT2	0.523788393622457	-1.57235307186029	2.12998985522147	-0.738197446342676	0.460394474458746	0.935507377393223
TCAF1	0.510875210275931	-1.57244893638298	2.16198289458402	-0.727317935919899	0.467031213198263	0.935507377393223
ASNS	0.549090533798664	-1.57383840132988	2.27221679825111	-0.692644470607399	0.488532695046742	0.935507377393223
TTPAL	0.550914219143204	-1.57399997308315	2.16416222789737	-0.727302210894052	0.467040844054373	0.935507377393223
RTF1	2.94554451350474	-1.57448027550174	1.53996038857972	-1.02241608756824	0.306584009514354	0.935507377393223
CYB5A	0.520997877524079	-1.57490478564366	2.20679238866499	-0.713662415065881	0.475435952610479	0.935507377393223
DHRS1	0.518035771393543	-1.57688470686393	2.18458591994065	-0.721823157638394	0.47040320985639	0.935507377393223
C8orf82	0.503337392983197	-1.57697716882088	2.17295904690962	-0.725727974976637	0.468005548528697	0.935507377393223
C8orf33	2.87242686781994	-1.57700181628692	1.53137732558667	-1.02979310842465	0.303107136525587	0.935507377393223
RNPEP	0.532200366146212	-1.57745336692548	2.17198370779359	-0.726273112116449	0.467671359214098	0.935507377393223
LASP1	0.528796896603599	-1.57776763305465	2.19980358805562	-0.717231139007835	0.473231488521962	0.935507377393223
CLN6	0.536854993329156	-1.57776911747864	2.18116688500025	-0.723360109824179	0.469458671874379	0.935507377393223
PEX13	0.531484623078355	-1.57805861178843	2.1365878890701	-0.738588204052418	0.460157089205607	0.935507377393223
KIAA1429	0.543465952043273	-1.57840281474117	2.22446840369553	-0.709564052300745	0.477974518149559	0.935507377393223
TNFRSF21	0.528971304344122	-1.57924682625998	2.19553001408573	-0.71930095062609	0.471955510318519	0.935507377393223
CNPPD1	0.539555601529299	-1.57973745040871	2.14876182355948	-0.73518499495297	0.462226836119138	0.935507377393223
ATP2C1	0.542248444304893	-1.58046811638602	2.15468568845295	-0.733502860698343	0.463251783696944	0.935507377393223
IQCE	0.530953544554713	-1.58057238492727	2.17036863241715	-0.728250658122988	0.466460160755339	0.935507377393223
USB1	0.526370332137795	-1.58067099541456	2.13077775528645	-0.741828185268464	0.458191441334925	0.935507377393223
INSIG2	0.51702693310724	-1.58115817727072	2.13966658083901	-0.738974095978412	0.459922727142798	0.935507377393223
ITPK1	0.521824651227532	-1.58194752226472	2.17928801273688	-0.725901080086249	0.467899414335967	0.935507377393223
HMGXB4	0.53424839890507	-1.58247784737608	2.18473644206728	-0.724333524586917	0.468861000067951	0.935507377393223
ATP5EP2	0.499721288141735	-1.58325941673016	2.12657074916018	-0.74451292878707	0.456566222500449	0.935507377393223
MYO1B	0.549258006452927	-1.58327402048783	2.28456181071589	-0.693031816018887	0.488289585262386	0.935507377393223
NDUFV1	0.535797058201984	-1.58338407230948	2.25283691577273	-0.702840077425832	0.4821554180215	0.935507377393223
UCKL1	0.526252737546997	-1.58382421077968	2.21271929793509	-0.715781803981057	0.474126089666981	0.935507377393223
TMEM30A	0.534582775197784	-1.58440058085738	2.12812999605893	-0.744503664621764	0.456571825018283	0.935507377393223
DNM2	0.536108761435831	-1.58578749279564	2.17754133933585	-0.728246791070935	0.466462527529746	0.935507377393223
GID4	0.495728048722067	-1.58785604999578	2.13073122140853	-0.745216493775371	0.456140853439867	0.935507377393223
TYW5	0.55234144105105	-1.58787176778005	2.15866911156196	-0.735579046957829	0.461986917883938	0.935507377393223
ERICH1	0.534610973960738	-1.58868404943426	2.19708692590721	-0.723086570085649	0.469626699693167	0.935507377393223
RPL30P4	0.477134035186395	-1.58946958139348	2.10766666684455	-0.754137077934205	0.450766915367252	0.935507377393223
PRKDC	0.535405701215018	-1.58985209896283	2.22776629115044	-0.713653000890779	0.475441775353897	0.935507377393223
RPL18AP3	2.75234483303714	-1.59063853348974	1.46683706931609	-1.08440028327848	0.278187358193603	0.935507377393223
TMEM30B	0.556648087782915	-1.59161387250634	2.22218185947997	-0.716239251848996	0.47384362992521	0.935507377393223
GADD45B	0.539800401678918	-1.59198854396868	2.42927809185618	-0.655334006141826	0.512252730817086	0.935507377393223
AMZ2	2.90474485788229	-1.59218702017664	1.5254358036192	-1.04375878447265	0.296597004848835	0.935507377393223
PRPF3	0.555824237635808	-1.59281673494943	2.20269945613634	-0.723120319711399	0.469605966443418	0.935507377393223
CRTAP	0.496501191577816	-1.59322754485903	2.1439257882051	-0.743135585020821	0.457399597287763	0.935507377393223
COMMD6	2.83967724430064	-1.59458303034174	1.48497965728786	-1.07380799630216	0.282908745307321	0.935507377393223
THUMPD3-AS1	2.95439275437887	-1.59699477893338	1.59617290890725	-1.00051490037298	0.317061390382159	0.935507377393223
FNTA	0.520238963329764	-1.59700780282572	2.14589080350472	-0.744216714204398	0.456745377846611	0.935507377393223
GATAD2A	0.54127984768499	-1.59776086491939	2.18510505563444	-0.731205513803311	0.464653632796876	0.935507377393223
DYM	0.522236451996608	-1.59819481495684	2.19149612164709	-0.729271112629517	0.465835839033952	0.935507377393223
POLR2C	2.96023641062355	-1.59821642234288	1.56755726540177	-1.01955855624404	0.307937868719585	0.935507377393223
E2F3	0.566134497667603	-1.60023490265067	2.14336840926587	-0.746598156309847	0.455306161659448	0.935507377393223
NAA15	0.562385592405802	-1.60164099443734	2.26312526285889	-0.707712039064983	0.479124099599152	0.935507377393223
UROS	0.537957041005288	-1.60293853603849	2.23814817420237	-0.716189640397578	0.47387425897087	0.935507377393223
CENPBD1	0.53754156979683	-1.60305866177464	2.12783081296994	-0.753376937679155	0.451223437318987	0.935507377393223
TRIM26	0.522609218724949	-1.60378353831948	2.14350386522909	-0.748206506335396	0.454335607136809	0.935507377393223
METTL17	0.537614041665347	-1.60602277447714	2.16356414040454	-0.742304212056709	0.457903040398611	0.935507377393223
ANKRD54	0.541401636396495	-1.60651258939217	2.13194376408909	-0.753543604879553	0.451123318620315	0.935507377393223
PRDM4	0.545267905877481	-1.60713046095039	2.17369552990648	-0.739353989019583	0.459692073628528	0.935507377393223
CYSTM1	2.94215885154925	-1.60721532525277	1.56027018345442	-1.03008782856724	0.302968778294358	0.935507377393223
MREG	0.540726997313667	-1.608096099242	2.17165329848407	-0.740493936285563	0.459000339157215	0.935507377393223
USP12	0.543184888865675	-1.60846799852138	2.20107342911885	-0.730765260823348	0.464922545913663	0.935507377393223
PIGX	0.552415449660343	-1.61107391665073	2.157779302144	-0.74663517026507	0.455283812573208	0.935507377393223
MTFR1	0.516979090225253	-1.61150176173217	2.1291271807024	-0.756883748579331	0.449119512506763	0.935507377393223
SDHA	0.547684398217348	-1.61195075753526	2.24526993280765	-0.717931832596876	0.472799319083928	0.935507377393223
MBTPS1	0.54432103052782	-1.61241730233685	2.15217823202349	-0.749202495566943	0.453735165251212	0.935507377393223
DDX19B	0.52986052924221	-1.61364154066071	2.16813291927414	-0.744253973691304	0.456722840537511	0.935507377393223
HTRA2	0.535954988678774	-1.61378863947037	2.18546340626851	-0.738419428502707	0.460259611925086	0.935507377393223
HES4	2.91585245613613	-1.61388122963838	1.95540571695264	-0.825343413720554	0.409176650975869	0.935507377393223
RBM15B	0.548523660663401	-1.61407093573366	2.16320271552582	-0.746148719280486	0.455577581742595	0.935507377393223
MARCH7	0.561824765689361	-1.61469653758637	2.18726725988718	-0.738225532470895	0.460377409855328	0.935507377393223
RNF34	0.546435799167	-1.61553409034641	2.15504309737892	-0.749652799199843	0.453463842292926	0.935507377393223
PVR	0.530476354371907	-1.61642719091723	2.22533572762362	-0.726374528954053	0.467609201518722	0.935507377393223
SH3GL1	0.556553597391777	-1.61709050312511	2.14258843494178	-0.754736876552335	0.450406875406633	0.935507377393223
S100P	2.85077804820864	-1.61829212358502	2.67028312388135	-0.606037655375198	0.544489748736302	0.935507377393223
PRKCI	0.536497430900254	-1.61829558109724	2.13513588268943	-0.757935639702156	0.448489513150337	0.935507377393223
RSRP1	0.575040259740795	-1.6186040149633	2.24951596154587	-0.719534354337719	0.471811742821729	0.935507377393223
AKR1C2	2.93677100405432	-1.61964317795927	2.29559170483859	-0.705544968883373	0.480471157304794	0.935507377393223
EIF4E3	0.523500366550206	-1.62018017317603	2.16447372000796	-0.748533076747204	0.45413868162299	0.935507377393223
MGEA5	0.540621769476564	-1.62350029766462	2.20218693138961	-0.737221838220685	0.460987455164947	0.935507377393223
CFAP97	0.562780195318048	-1.62453880567172	2.22715297311534	-0.729423988959016	0.465742348142626	0.935507377393223
GOLPH3	0.567334211375451	-1.62537671167356	2.15864797542165	-0.752960524448677	0.451473635964705	0.935507377393223
AP1G2	0.531253837298272	-1.62579294156869	2.13302519415782	-0.762200533787224	0.445940327574378	0.935507377393223
MAP9	0.569033567429894	-1.62614129461838	2.25760801093099	-0.72029390697803	0.471344055439131	0.935507377393223
MATN2	0.524005324946566	-1.62649383442398	2.21540875957173	-0.734173243378529	0.462843158556316	0.935507377393223
TAF9	2.96631385933867	-1.62650534017729	1.66465475982454	-0.97708268370838	0.32852821978644	0.935507377393223
POGZ	0.546108007285991	-1.63103025491505	2.17475153896962	-0.749984642240013	0.453263954399819	0.935507377393223
CACFD1	0.518326269727113	-1.63352958449874	2.16425182633239	-0.754777962815434	0.450382218597362	0.935507377393223
DDX23	0.562202761093928	-1.6349529586078	2.19508725749393	-0.744823675243951	0.456378320503508	0.935507377393223
PRKCZ	0.530124851142743	-1.63654338259394	2.14264381841591	-0.763796282204227	0.44498865270771	0.935507377393223
ZNF385A	0.533129849442538	-1.63814571947457	2.22941796202479	-0.734786274883506	0.462469667256284	0.935507377393223
PHF20	0.556813367157032	-1.63936957106876	2.13654270788302	-0.767300164429252	0.442903070702633	0.935507377393223
PHF11	0.555103945737367	-1.63988277942301	2.14821352280068	-0.76337047598744	0.445242482315997	0.935507377393223
SNN	0.550158325456088	-1.64063626183395	2.22076223155901	-0.738771687720122	0.460045646537121	0.935507377393223
PLD3	0.552334769253412	-1.64105842417774	2.15189427430414	-0.762611083534025	0.445695372593217	0.935507377393223
PWWP2B	0.547063810670227	-1.64151261147706	2.14109641580486	-0.766669169758054	0.443278238474753	0.935507377393223
PGRMC2	0.553152112243616	-1.64203828295894	2.1600333975404	-0.76019115483525	0.447140331364364	0.935507377393223
PGPEP1	0.549841901520378	-1.64233447285856	2.149330060867	-0.764114596804211	0.444798954412395	0.935507377393223
BAG2	0.565551447023113	-1.64283686084084	2.36725526076986	-0.693983825093104	0.487692352666326	0.935507377393223
HBS1L	0.588824101737203	-1.64769904186744	2.26584122653562	-0.72719086517227	0.467109041346227	0.935507377393223
DPH2	0.53739721960405	-1.64796293090479	2.1594367264541	-0.763144810272272	0.445377038562255	0.935507377393223
HMGCS1	0.591497395866395	-1.64811266340831	2.24224201357831	-0.735028892255102	0.462321898341358	0.935507377393223
NELFCD	3.11631200897301	-1.64994099574887	1.5266800341793	-1.08073791417324	0.279813712765448	0.935507377393223
SFXN4	0.535053619643279	-1.65003874471549	2.14269994080074	-0.770074574277002	0.441255657276567	0.935507377393223
FUNDC2	2.920593319374	-1.65038987439254	1.53913478643721	-1.07228417480762	0.283592412549331	0.935507377393223
MOSPD3	0.522708692003683	-1.65114228335881	2.16302176547512	-0.763349823711149	0.445254795552639	0.935507377393223
RHOF	0.515373685711517	-1.65134302444059	2.72204609235324	-0.606655055944694	0.544079854682773	0.935507377393223
PITPNB	0.580097856589104	-1.65288955306254	2.16367412275004	-0.763927217912884	0.444910616518012	0.935507377393223
PHYKPL	0.577454137419353	-1.65300322407529	2.16558130663522	-0.763306932420679	0.445280368686118	0.935507377393223
PRSS23	0.541215762020776	-1.65363546404665	2.74963698631701	-0.601401374899891	0.547572683148784	0.935507377393223
TMPRSS13	0.546341934111273	-1.65498054575344	2.14282826394574	-0.772334663304286	0.439916240223617	0.935507377393223
SPTY2D1	0.573120283540869	-1.65509761754718	2.11782628588882	-0.781507732043548	0.43450393089883	0.935507377393223
PAF1	0.570107764493981	-1.65673496520984	2.1256206275046	-0.779412348455983	0.435736852048232	0.935507377393223
PROSC	0.548888245048012	-1.65743748577565	2.13065106638864	-0.777901887325423	0.43662685557375	0.935507377393223
ZNF48	0.5749899733081	-1.65823659720828	2.15335476525015	-0.770071250668091	0.44125762869582	0.935507377393223
TSR1	0.56468352520189	-1.65897516560388	2.17288539054659	-0.763489493197138	0.445171526024243	0.935507377393223
RNASEH2B	0.556329661418197	-1.66285765304898	2.16191308774639	-0.7691602694271	0.441798173068638	0.935507377393223
MYO6	0.576083609482727	-1.66287157357518	2.21054669492889	-0.752244491098015	0.451904042466766	0.935507377393223
IWS1	0.599839893180672	-1.66352454915532	2.22684110159744	-0.747033341517714	0.455043435185454	0.935507377393223
ECHDC1	0.582963848083638	-1.66459743940968	2.25187240124109	-0.739205933023676	0.459781958690907	0.935507377393223
MRPS31	0.574994136598191	-1.66507532465659	2.18341842080846	-0.762600200121083	0.445701865204772	0.935507377393223
ZC3H11A	0.579081313413292	-1.66693546238154	2.14039417880043	-0.778798353542412	0.436098507768833	0.935507377393223
NDRG3	0.516840536156791	-1.66784744319181	2.20251590945565	-0.757246490720702	0.448902202035356	0.935507377393223
LPAR2	0.548497903834113	-1.67016995653716	2.11120543460897	-0.791097791412469	0.428886927899137	0.935507377393223
PPP1R10	0.566269157483701	-1.67032181675845	2.19466297846866	-0.76108351630551	0.446607185346453	0.935507377393223
TCEAL1	0.568526137544956	-1.67077006314816	2.18301184505344	-0.765350892132818	0.444062626844963	0.935507377393223
DDX50	0.578081550276296	-1.67132260429544	2.15299656711393	-0.776277412525478	0.437585206751142	0.935507377393223
MYO5C	0.566674853886888	-1.67265654634513	2.16591710008434	-0.772262496233118	0.439958973159837	0.935507377393223
ARSG	0.599492921568128	-1.6742061588908	2.20269848929803	-0.760070507618293	0.447212440441406	0.935507377393223
IGF1R	0.569499526680522	-1.67449905449457	2.21395689508375	-0.756337694836299	0.449446753260941	0.935507377393223
FAM219B	0.551349186339518	-1.6755230103317	2.14307691545302	-0.781830553187362	0.434314162617308	0.935507377393223
MED30	0.546513495876904	-1.67640180515559	2.12140979982607	-0.790230065540867	0.42939342052286	0.935507377393223
TRMT2A	0.543000850809004	-1.67642477172477	2.12224155087991	-0.789931179619822	0.429567961042075	0.935507377393223
MAPK1	0.550430002954415	-1.67654333270207	2.13168537030251	-0.786487234963831	0.431582094585599	0.935507377393223
TBC1D20	0.539138052111081	-1.67761216268942	2.15675596297649	-0.77784051208751	0.436663041610096	0.935507377393223
RPS2P5	0.528205867074497	-1.67768179971953	2.16438681153653	-0.775130300543882	0.438262668526719	0.935507377393223
B3GALT6	0.568144237412373	-1.67811340643799	2.19500012281661	-0.764516315509196	0.44455961763006	0.935507377393223
METTL2B	0.569573540615985	-1.67917789495986	2.15621399418519	-0.778762172719505	0.436119824420225	0.935507377393223
STAU1	3.19599496244833	-1.67956706169765	1.52175042599664	-1.10370730509088	0.269720125742012	0.935507377393223
FAM222B	0.548222134268431	-1.67998760189645	2.14972291880509	-0.7814902968194	0.434514181443358	0.935507377393223
EPM2AIP1	0.599766130617438	-1.68029566924093	2.16309761718035	-0.776800665811486	0.437276383890974	0.935507377393223
BAIAP2	0.560058834946989	-1.68065064509369	2.13511373465443	-0.787148065143099	0.431195195257462	0.935507377393223
POGK	0.574740783540822	-1.68127130357345	2.15264838806433	-0.781024580184811	0.434788037990884	0.935507377393223
C19orf81	0.53049395424384	-1.68177305254122	2.1268477382867	-0.790735049936384	0.429098618260308	0.935507377393223
ERAL1	0.575213879674833	-1.68218116016577	2.16873081850256	-0.775652351972046	0.437954280476636	0.935507377393223
SEC22C	0.566510255371371	-1.682371013257	2.15426851357248	-0.780947687188296	0.434833263160261	0.935507377393223
DYNC1H1	3.22076276454826	-1.68463169006326	1.61000910570988	-1.04634916913744	0.295399851954365	0.935507377393223
ZC3H3	0.546044114492137	-1.6849295079405	2.11090100229725	-0.79820394519062	0.424752148370653	0.935507377393223
PPM1B	0.587562822714396	-1.68538810130378	2.16129165522481	-0.779805954105937	0.435505101180181	0.935507377393223
ATPAF1	0.549412216726303	-1.68770795016503	2.13125568339151	-0.791884316516798	0.428428132556276	0.935507377393223
DUSP11	0.58940889133592	-1.68779729912862	2.24153027707656	-0.752966540933757	0.451470020447846	0.935507377393223
SERINC2	0.533547558333757	-1.68902281990278	2.21703549794546	-0.761838419577859	0.446156447066976	0.935507377393223
CASK	0.542263275799255	-1.68912145934015	2.1275365869876	-0.793932978483719	0.427234449656322	0.935507377393223
TOP1MT	0.556297424928616	-1.68917653914677	2.10942423569224	-0.800776112535958	0.42326127028843	0.935507377393223
MUM1	0.602568206538883	-1.69032113645605	2.15335734706713	-0.784970102040083	0.43247109832223	0.935507377393223
TOR2A	0.553377133888394	-1.69112471575168	2.13411574245525	-0.792424085586889	0.428113440077594	0.935507377393223
DLG1	0.586543247317134	-1.69366275715977	2.15545210112811	-0.785757547696535	0.432009541657884	0.935507377393223
TSNAX	0.576545059333853	-1.69397483338383	2.11835027395463	-0.799667011736184	0.423903750636975	0.935507377393223
MICU1	0.570481767956247	-1.69404707520491	2.16077156696444	-0.784001002745883	0.433039521924145	0.935507377393223
RP5-1065J22.8	0.574806698749589	-1.69650732320841	2.17812066675008	-0.77888582992958	0.436046971797244	0.935507377393223
GNPDA1	0.600991184809456	-1.69683304116296	2.22310710348165	-0.763270936656859	0.445301831136372	0.935507377393223
CLPB	0.543644171292079	-1.69719467180512	2.19281983229763	-0.773978165833538	0.438943703231012	0.935507377393223
TSPO	0.550815998758277	-1.69779269148628	2.32972354894463	-0.728752856644893	0.466152853911228	0.935507377393223
MSRA	0.555951956304669	-1.69816216176482	2.13997753616141	-0.793542050357641	0.427462079939187	0.935507377393223
CASP6	0.570305429823382	-1.69819092367651	2.15741088962827	-0.787143020293696	0.431198148126926	0.935507377393223
ITFG1	0.55782407445732	-1.6985024823961	2.15495030348171	-0.788186381677511	0.43058769368321	0.935507377393223
NAE1	0.594540843903838	-1.69885493325548	2.20375841398379	-0.7708898228025	0.440772239987594	0.935507377393223
ANKRD29	0.54764771379653	-1.69914255332224	2.1617665964446	-0.785997228431956	0.431869110866335	0.935507377393223
SLC39A3	0.575737927078248	-1.69927971526514	2.17046217689244	-0.782911461603116	0.433679106401292	0.935507377393223
CCDC86	0.559954692307078	-1.6995420524058	2.17352508412036	-0.781928888156179	0.434256366569404	0.935507377393223
JMJD8	0.553122012451251	-1.69979962801112	2.13517379740223	-0.796094271145138	0.425977243728569	0.935507377393223
SRSF5	3.23459199919432	-1.70093014464602	1.59686091393495	-1.0651711303113	0.286798495414573	0.935507377393223
SLC48A1	0.602997070081618	-1.70210262860849	2.21019944705355	-0.770112684118889	0.441233052547967	0.935507377393223
SEC31A	0.587990954808727	-1.70298122667709	2.12849031015002	-0.800088785255998	0.423659358316342	0.935507377393223
LAMTOR3	0.605941340201123	-1.70450186673594	2.1494057954597	-0.793010733634595	0.427771569150978	0.935507377393223
ZNF106	0.598513551227768	-1.70495824957573	2.16826346922515	-0.786324297657894	0.4316775211634	0.935507377393223
HMGN3	0.563902813997159	-1.70541146247931	2.19345885706593	-0.777498723983612	0.436864586995512	0.935507377393223
MGLL	0.585747596734754	-1.70630496234678	2.61052884412033	-0.653624251725805	0.513353915799214	0.935507377393223
SMEK1	0.635658318713124	-1.706660609786	2.23051642450668	-0.765141467256157	0.444187309640947	0.935507377393223
S100A14	3.08653937782327	-1.70693956972987	2.38908535582493	-0.714474083384301	0.474934076306211	0.935507377393223
YY1AP1	0.577962240988312	-1.7087962718496	2.18866760332214	-0.780747277136027	0.434951148538377	0.935507377393223
ZNF576	0.561942105498055	-1.71025932430998	2.13163987797833	-0.802320946412397	0.422367328866495	0.935507377393223
C6orf141	0.590466471571377	-1.71095580331739	2.52793772472675	-0.676818810282331	0.498520921940291	0.935507377393223
NOTCH2	0.574501514153715	-1.71135269173274	2.1376839786498	-0.800563932192476	0.423384138090096	0.935507377393223
GOLT1A	0.591017682544547	-1.71227470208542	2.20894999308101	-0.775153220964122	0.438249126275751	0.935507377393223
MIOS	0.554717144963601	-1.71266294922323	2.11263677297523	-0.810675536434634	0.417552025657072	0.935507377393223
C11orf24	0.562288138700269	-1.71300813921064	2.13412983140836	-0.802672880534258	0.422163831716117	0.935507377393223
KCTD10	0.575834039479531	-1.71330085553109	2.11648268640468	-0.809503836972802	0.418225396685388	0.935507377393223
SUCLA2	0.600872972947689	-1.71376238831802	2.13565806884315	-0.802451672072365	0.422291733296687	0.935507377393223
C11orf73	3.17505733481822	-1.71388241739986	1.59186235518619	-1.07665239511201	0.281635587287485	0.935507377393223
SETD3	0.563124024964293	-1.71395159326191	2.11172964668521	-0.811634006252792	0.417001672224733	0.935507377393223
GGPS1	0.581182265293695	-1.71418625552665	2.14668188408216	-0.798528309311915	0.424563971725206	0.935507377393223
BAIAP2L1	0.558261699740598	-1.71515933297509	2.16992017041724	-0.790425083999884	0.429279557744503	0.935507377393223
OPN3	0.560480950193521	-1.71541824329194	2.2290285446687	-0.769581101774045	0.441548418790516	0.935507377393223
LRPPRC	0.597691281406399	-1.71544452108252	2.14764772865912	-0.798755074303341	0.424432445196329	0.935507377393223
ALKBH2	0.602629068502438	-1.71602592271159	2.14857002553146	-0.798682799406142	0.424474362953785	0.935507377393223
BMS1	0.621398978356989	-1.71614560460688	2.21991110562152	-0.773069516279752	0.439481240748557	0.935507377393223
DOLPP1	0.594254363146162	-1.71724414631838	2.12627792906594	-0.80762920164099	0.419304071041752	0.935507377393223
PLOD1	0.566266567727861	-1.71784254551896	2.19697151978667	-0.781913889209526	0.434265181862754	0.935507377393223
PGM3	0.5646130524237	-1.7187949449001	2.1946530396994	-0.783173883893522	0.43352500886812	0.935507377393223
SNHG11	0.607880487708421	-1.71894441652066	2.15150146156189	-0.798951080085618	0.424318778586621	0.935507377393223
COASY	0.57122607729689	-1.71907301717743	2.16996352736981	-0.792212862333728	0.42823656999174	0.935507377393223
EPAS1	0.561507731633971	-1.72027329544423	2.4544177016529	-0.700888562808901	0.483372562595838	0.935507377393223
RDH14	0.601953903140742	-1.72252972459174	2.11230697874084	-0.815473196807098	0.414801500839641	0.935507377393223
DTX3	0.567239581078234	-1.72262237103489	2.14744162078144	-0.802174249751219	0.422452169531507	0.935507377393223
SLC7A2	0.551807549472488	-1.72265932036673	2.20725240516353	-0.780454159359771	0.435123599756034	0.935507377393223
NOC4L	0.577335487250542	-1.72272284673762	2.15547572200399	-0.7992309211147	0.424156525541869	0.935507377393223
KIAA0020	0.638414921880126	-1.7232261576366	2.24591032270681	-0.767272913888982	0.442919269186964	0.935507377393223
NMI	0.591748375730879	-1.72556511270468	2.23132254102713	-0.773337373229047	0.439322743072774	0.935507377393223
DPP8	0.619646153830244	-1.72782886604272	2.17421714654873	-0.794690111236317	0.426793786031823	0.935507377393223
AK7	0.593356695018951	-1.7280679792325	2.12989998597826	-0.811337617075386	0.417171813209263	0.935507377393223
SH3BP5	0.583167374531016	-1.72859436114488	2.18485607052011	-0.791170816452632	0.428844318950117	0.935507377393223
TIMM10	3.13192477236907	-1.72959182747509	1.50178179884361	-1.15169316128807	0.249447183464219	0.935507377393223
MAFK	0.572735520274749	-1.7302285892492	2.16731974676068	-0.798326408383087	0.424681096831584	0.935507377393223
BLOC1S6	0.589657741068499	-1.73053653397733	2.13354421272998	-0.811108822424179	0.417303179820308	0.935507377393223
PIP4K2A	0.630614164726947	-1.7305847241196	2.214964058975	-0.781315036290228	0.434617228648767	0.935507377393223
SLC4A1AP	0.596367153656329	-1.73080697641905	2.17127963439172	-0.797136835350058	0.425371565420592	0.935507377393223
pk	0.597560119138569	-1.73186452847922	2.14052703164648	-0.809083231781042	0.418467272695346	0.935507377393223
COMMD3	0.593004264883036	-1.73193847664583	2.16021668207954	-0.801742941350945	0.422701670608105	0.935507377393223
VHL	0.608199375385634	-1.73201162557596	2.18056872550669	-0.794293527792156	0.42702457102003	0.935507377393223
STK4	0.602561842693633	-1.73420816300672	2.18220555351774	-0.794704311979757	0.42678552349934	0.935507377393223
ASB1	0.552062254292856	-1.73669803431178	2.11145213837773	-0.822513569095683	0.410784667212317	0.935507377393223
PUSL1	0.593531980301134	-1.73823441333857	2.2386673178219	-0.776459458491483	0.437477749415759	0.935507377393223
MAP3K7	0.61464173107038	-1.73876830749237	2.17550164536676	-0.799249364483583	0.42414583327091	0.935507377393223
OPA1	0.595264144552836	-1.73885004179393	2.15534555172931	-0.806761607389958	0.419803842334131	0.935507377393223
TMEM101	0.558165974187671	-1.73934560325188	2.14244528692835	-0.811850652086243	0.416877333466926	0.935507377393223
PPCDC	0.5956628613949	-1.7395875847538	2.15006360645159	-0.809086568199147	0.418465353708682	0.935507377393223
ZNF3	0.616678292701453	-1.7397268535341	2.16516443830929	-0.80350795660241	0.421681199769867	0.935507377393223
PELI3	0.596709909459116	-1.73993417798437	2.139170628579	-0.81336858067286	0.416006767677551	0.935507377393223
DCTD	0.577485337204736	-1.74046158101252	2.13867239450871	-0.813804669420782	0.41575685968524	0.935507377393223
TOM1L2	0.587636592980157	-1.74144080775737	2.15792075508981	-0.806999424631281	0.419666814640586	0.935507377393223
DTNA	0.58373271603487	-1.74145292027259	2.15406883734944	-0.808448128526585	0.418832655385303	0.935507377393223
CAPN7	0.611162401921421	-1.74149360177523	2.15524601364325	-0.808025436888012	0.419075939078158	0.935507377393223
DALRD3	0.580130821618462	-1.74248394448622	2.18299732482891	-0.798207091079592	0.424750323080185	0.935507377393223
SLC35B2	0.58683595664876	-1.74289147363038	2.1480396607431	-0.811387008109262	0.417143457648624	0.935507377393223
PLIN3	0.591994955974612	-1.74323134535751	2.15233881615606	-0.809924223952252	0.417983728438269	0.935507377393223
AGAP2-AS1	0.580056877012094	-1.74561577091617	2.13657641556269	-0.817015370103881	0.413919644483365	0.935507377393223
NADSYN1	0.58638099234167	-1.74583860615116	2.09991178829327	-0.831386640088398	0.405755243883	0.935507377393223
CBWD1	0.597421052074177	-1.74588690692715	2.1418185039709	-0.815142321205231	0.414990849059777	0.935507377393223
CRCP	0.634609763673904	-1.74698535141652	2.22878657750858	-0.783828011639124	0.433141035024403	0.935507377393223
DCAF5	0.609954893936036	-1.74956440208745	2.15645708495063	-0.811314268341911	0.417185218192169	0.935507377393223
UBXN2A	0.609492282227163	-1.75076142277667	2.12667567962133	-0.823238559387863	0.410372345295231	0.935507377393223
RBM33	0.593721451214604	-1.75082261407798	2.14553810617568	-0.816029605364939	0.414483203393915	0.935507377393223
SND1	0.596316660620529	-1.75387812178776	2.15501226724222	-0.813859924812496	0.415725200982888	0.935507377393223
RABGGTA	0.575833306420909	-1.75413953850958	2.14590863125985	-0.817434401892374	0.413680222606179	0.935507377393223
RLTPR	0.589286469738073	-1.75535123274352	2.22461430734946	-0.789058681742883	0.430077709677951	0.935507377393223
ENTPD6	0.596893947903131	-1.75596117860855	2.13593461206679	-0.822104369997281	0.411017498581739	0.935507377393223
FAM162A	0.605675492440963	-1.75690433397438	2.1837479295567	-0.804536233415468	0.4210873522711	0.935507377393223
OGFRL1	0.583002671052316	-1.7576960620809	2.20234965628576	-0.798100363883739	0.424812250309077	0.935507377393223
FASN	0.583424472354824	-1.75771809714105	2.14089360714875	-0.821020760336607	0.411634443121378	0.935507377393223
CAMSAP1	0.605797450776906	-1.75776478444373	2.16439263265347	-0.812128427127738	0.416717943037565	0.935507377393223
LUZP1	0.61975938887012	-1.75869067552726	2.1836930058962	-0.805374505838782	0.420603598906947	0.935507377393223
TAGLN2	3.23226486012282	-1.75942464003544	1.66158229538921	-1.05888504284003	0.289652136872174	0.935507377393223
VEZF1	0.630275362929392	-1.75975284765865	2.13062701372324	-0.825931914091108	0.408842715621954	0.935507377393223
C12orf5	0.63802719879713	-1.7599798429836	2.18523556768194	-0.805395934887953	0.420591236830809	0.935507377393223
PCM1	0.652893428946525	-1.76026929995449	2.25863686767271	-0.779350290942636	0.435773397349302	0.935507377393223
SRRD	0.593610065324482	-1.76260185993929	2.14167794892548	-0.82300042395432	0.410507752335897	0.935507377393223
CAPRIN1	0.630667371650456	-1.76313764942862	2.13872787415169	-0.824386155311112	0.409720178883976	0.935507377393223
ERN1	0.598877031619567	-1.76669119469478	2.13770525758279	-0.826442835572417	0.408552932793163	0.935507377393223
DICER1	0.631651357105074	-1.76835210454415	2.19556158431007	-0.805421317799122	0.420576594110882	0.935507377393223
CENPV	0.594528475257283	-1.76954955562037	2.24597891890651	-0.787874516864078	0.430770108344623	0.935507377393223
LIN7B	0.586756749442087	-1.77055863373114	2.15349742302869	-0.822178199424553	0.410975484371633	0.935507377393223
ZBTB7B	0.607034424502138	-1.7707031525866	2.15731142647193	-0.820791625566275	0.411764969521359	0.935507377393223
RRP9	0.624674295330502	-1.77071425128354	2.19861453790037	-0.80537730500706	0.42060198409937	0.935507377393223
EPB41L4A-AS1	12.8030859996658	-1.77146202861588	1.06167256640696	-1.668557787653	0.0952050504771185	0.935507377393223
RALGDS	0.604105716019851	-1.7715412603439	2.17033557151597	-0.816252234720774	0.414355887168798	0.935507377393223
CIB1	12.9127911775635	-1.77181045116736	0.869029788374095	-2.03883741946558	0.0414662563511807	0.935507377393223
N4BP3	0.611230515402683	-1.77281398388934	2.17925261146556	-0.813496321886757	0.415933554244065	0.935507377393223
GAR1	0.636466199999287	-1.77319456862631	2.18795544148915	-0.810434497431747	0.41769049759445	0.935507377393223
ST6GALNAC6	0.615835996186299	-1.77383794121843	2.21535474053553	-0.800701534955809	0.423304453735113	0.935507377393223
NUTM2A-AS1	0.582355552375437	-1.77391105757665	2.13727475877095	-0.829987370737839	0.406545924139011	0.935507377393223
ZNF7	0.609107034211107	-1.77423880060535	2.1265670129978	-0.834320663191434	0.404100310942158	0.935507377393223
QRSL1	0.620330308408107	-1.7775064017492	2.12826513233856	-0.835190303473168	0.403610568347428	0.935507377393223
ZNF331	0.617682214659377	-1.77794816743154	2.2579109562106	-0.787430594878473	0.431029842650683	0.935507377393223
IDE	0.5949398265047	-1.77836797689809	2.14236134373829	-0.830097117881593	0.406483876490756	0.935507377393223
PIP5K1A	0.643959060732314	-1.77850569811109	2.17457706196419	-0.817862806160871	0.41343553034913	0.935507377393223
CDK7	0.624088170845297	-1.77897303367318	2.17920473088848	-0.816340478917682	0.414305428896055	0.935507377393223
SRRT	0.648796262193951	-1.78364892993415	2.23174010457792	-0.799218926198168	0.424163479502316	0.935507377393223
ZNF280D	0.58043395473969	-1.78374198562782	2.12163961725591	-0.840737499017329	0.400495008045394	0.935507377393223
TRIM16L	0.642385551055356	-1.78418814165013	2.31757264952263	-0.76985208727659	0.441387637957582	0.935507377393223
ROM1	0.58927440065838	-1.78435759797729	2.46340415580815	-0.724346264404149	0.468853180675889	0.935507377393223
SIGIRR	0.615670667127905	-1.78721211685127	2.19190049342352	-0.815371008954806	0.414859973824651	0.935507377393223
SLC7A1	0.640403946445565	-1.7872696201551	2.23708769486717	-0.798926937131637	0.42433277847637	0.935507377393223
RAC3	0.594271296870496	-1.78769512794971	2.20740475861677	-0.809862858622237	0.418019000453897	0.935507377393223
F8A1	0.602532192513752	-1.78856043227429	2.1924243700674	-0.815791165566776	0.414619586874484	0.935507377393223
TMEM5	0.620571910450829	-1.78938392750437	2.14891673787756	-0.832691139663094	0.405018942850282	0.935507377393223
RPL39L	0.609377480440809	-1.78963189983483	2.25198980463369	-0.794689166066598	0.426794335970812	0.935507377393223
YIPF1	0.599047941896822	-1.79009623239373	2.14494777852223	-0.834564016111862	0.40396322961554	0.935507377393223
TOX4	3.42226135416216	-1.79325088549461	1.52884124779471	-1.17294773939499	0.240816763634906	0.935507377393223
SERTAD1	0.634465037204427	-1.79490880291535	2.31261882825668	-0.776136897695502	0.437668159645418	0.935507377393223
FAM192A	0.64061511128218	-1.79566854818025	2.16562968433707	-0.829166944453818	0.407009946884813	0.935507377393223
CDC27	0.657334903652767	-1.79579842383916	2.17248782661823	-0.82660919975536	0.408458601283505	0.935507377393223
TAPBP	0.633600721309096	-1.79817883619063	2.19771647016491	-0.818203285365423	0.413241119506711	0.935507377393223
PPME1	0.618102720800346	-1.79984442650317	2.17123543889775	-0.828949451661896	0.407133011015629	0.935507377393223
MDK	0.572589814559405	-1.80115936385171	5.29008784607845	-0.340478157690125	0.733496468931407	0.935507377393223
RAB30-AS1	0.60387999350706	-1.80249934958689	2.19360188374094	-0.821707604714914	0.411243330002873	0.935507377393223
TBL1X	0.623905551527529	-1.80275863858393	2.16627910977794	-0.832191304641593	0.405300971183125	0.935507377393223
RAB40C	0.605244764233657	-1.80382417822847	2.10132801140545	-0.858421040617071	0.390660013390792	0.935507377393223
SNAP47	0.630304344003843	-1.80619504181758	2.11418508929538	-0.854322098364409	0.392926546232744	0.935507377393223
CPNE2	0.598963717157007	-1.80648954301107	2.17832164365192	-0.829303398915192	0.406932748069997	0.935507377393223
ZMYND11	0.668201382254705	-1.80825455583125	2.1576502694994	-0.838066567781062	0.4019933181288	0.935507377393223
FBXO25	0.611042750347686	-1.80833691778045	2.15676697639326	-0.838447981434006	0.401779151252747	0.935507377393223
C11orf57	0.625913780909946	-1.81216772179036	2.1325383092091	-0.849770301412516	0.395452804183296	0.935507377393223
HYOU1	0.620424297475094	-1.8125034994722	2.15319141085256	-0.841775371356577	0.399913700178269	0.935507377393223
CRNDE	0.599162766623689	-1.81251234044915	2.1300806063698	-0.850912559378741	0.394817927606502	0.935507377393223
INTS12	0.636612351335928	-1.81288460304917	2.13608796291328	-0.848693796568508	0.396051698957722	0.935507377393223
ATF1	0.635701316747196	-1.81647135872252	2.16578832427942	-0.838711400536743	0.401631279256724	0.935507377393223
MAP3K2	0.666153691873681	-1.8173828208578	2.15223357085752	-0.844417095554224	0.398436372632818	0.935507377393223
HNRNPH2	0.65211193041269	-1.81800989902721	2.23163569656911	-0.814653530512258	0.41527065986981	0.935507377393223
RCHY1	0.62553333085791	-1.81886742153907	2.12231746086879	-0.857019486987824	0.391434115071769	0.935507377393223
ATXN10	0.656592898272854	-1.81958749753491	2.23294892497845	-0.814880930405728	0.415140469737322	0.935507377393223
CHPF2	0.646345976111827	-1.81966638148476	2.1885148351091	-0.831461753099814	0.405712826029436	0.935507377393223
CUL3	0.665503974013754	-1.81983473155237	2.17346005955378	-0.83729844657278	0.40242483223134	0.935507377393223
R3HDM4	0.606651392528465	-1.82069058129192	2.18693621500061	-0.832530262567084	0.40510970379346	0.935507377393223
RANGAP1	0.641682606873147	-1.82088430737359	2.15602798720519	-0.844555042040042	0.398359319431232	0.935507377393223
TRIP12	0.639257167703336	-1.82118017100264	2.15365638728823	-0.845622440864754	0.397763402603736	0.935507377393223
MTIF2	0.67871207232831	-1.82395774755203	2.17711910306581	-0.837785009090011	0.402151459557772	0.935507377393223
LGMN	0.636614238934387	-1.82725983361191	2.21011932997421	-0.826769762532792	0.408367571576792	0.935507377393223
YPEL3	0.600319701908144	-1.82763606347573	2.23545992347194	-0.817566015962024	0.413605039295285	0.935507377393223
C16orf74	0.637969072698247	-1.82929176335285	2.33017475714536	-0.785044880322141	0.432427255204218	0.935507377393223
USP1	0.660538167215061	-1.8306669054841	2.24713451577846	-0.814667254065078	0.415262802228995	0.935507377393223
PXDN	0.630640517788223	-1.83319616770929	2.17281391524863	-0.843696809397281	0.398838850917731	0.935507377393223
BROX	0.660071945813286	-1.83406417513741	2.18247578385065	-0.840359461813355	0.400706871161128	0.935507377393223
SCYL2	0.639124078858024	-1.83618384363824	2.16149322898735	-0.849497846680036	0.395604327890753	0.935507377393223
GALK1	0.640402806334917	-1.83667255225735	2.16920777305751	-0.846701996493659	0.397161245630542	0.935507377393223
SMARCC1	0.668665660986839	-1.83681785123886	2.20331768566234	-0.833660013347869	0.404472597048496	0.935507377393223
ROCK2	0.671854659441342	-1.83731133421291	2.16834347464803	-0.847334085072082	0.396808933188264	0.935507377393223
AIFM2	0.63727687896337	-1.83802761764707	2.38170912348776	-0.771726320196262	0.440276538468412	0.935507377393223
SRP54	0.679903971931132	-1.83915406001068	2.20239315077067	-0.835070731747921	0.403677884725017	0.935507377393223
TMEM222	0.640345296994829	-1.84013403625897	2.18370088803927	-0.842667622813128	0.399414359738351	0.935507377393223
ALAS1	0.648586068685568	-1.8405709971098	2.14956308429815	-0.856253538476988	0.391857554523447	0.935507377393223
STOM	0.656767543476743	-1.84080515201808	2.25093609715099	-0.817795384928071	0.41347403374445	0.935507377393223
LAP3	0.677602858488725	-1.84188053392238	2.2484119362269	-0.819191761191801	0.412677014732524	0.935507377393223
PSEN1	0.667668439724906	-1.84486311321986	2.13070756510363	-0.865845291693107	0.386575007893356	0.935507377393223
WNK1	0.663208136930672	-1.84728055364558	2.14583361107644	-0.860868496098776	0.389310474564018	0.935507377393223
LYPD6B	0.65306720751682	-1.84742356700839	2.31531322061069	-0.79791518078971	0.424919713188214	0.935507377393223
ZNF562	0.676160794407883	-1.84842370872953	2.18294999723517	-0.846754946778743	0.397131725053382	0.935507377393223
KRT6A	0.590755808072114	-1.84893366744104	4.59026738106171	-0.402794328511075	0.687099533742782	0.935507377393223
SHOC2	0.643909142396431	-1.84908454603718	2.15744175148786	-0.857072755156416	0.391404677154068	0.935507377393223
TSC22D2	0.651939546890526	-1.85080255852804	2.12850993979842	-0.869529676099759	0.384557483563319	0.935507377393223
MACF1	0.662553190895962	-1.85287462811002	2.16530162228741	-0.855712021382338	0.392157089148181	0.935507377393223
TSKU	0.604850239095285	-1.85327193186661	2.27822425680617	-0.813472126955887	0.415947420711332	0.935507377393223
NCK2	0.633684445408384	-1.85428729752093	2.1454680611014	-0.864281007552734	0.387433540856075	0.935507377393223
USP39	0.661647719329832	-1.85565663577747	2.14183125576003	-0.866387877563674	0.386277489504351	0.935507377393223
RNF26	0.63276822915217	-1.85715172054542	2.13028322315941	-0.871786295998279	0.383324972004447	0.935507377393223
RABEPK	0.656144313856942	-1.85760110689928	2.19606600088662	-0.845876720530854	0.397621520397627	0.935507377393223
PSMA3-AS1	0.679885085286419	-1.85869638171628	2.18691641796965	-0.849916515530075	0.395371502733942	0.935507377393223
ABL2	0.675021953659885	-1.85879788165555	2.21581032824941	-0.838879509657349	0.401536927203324	0.935507377393223
IMPAD1	0.646051448387188	-1.85971734862234	2.12484714712091	-0.875224060771708	0.381452003950277	0.935507377393223
PURB	0.648182198779029	-1.86000637371344	2.12323230845943	-0.876025843381696	0.381015984599878	0.935507377393223
CRYZL1	0.645671288312008	-1.86179952359036	2.13226455289082	-0.87315596981914	0.382578070297061	0.935507377393223
PGAM5	0.646092563052515	-1.8630652622744	2.11620628978172	-0.880379796275237	0.3786535976817	0.935507377393223
HCG18	0.646333591767201	-1.86313762416428	2.15364202552808	-0.865110172479769	0.38697832191575	0.935507377393223
THAP9-AS1	0.669603531985402	-1.86355922388641	2.19887336624581	-0.847506387813551	0.396712928101915	0.935507377393223
KIF5C	0.68310874630684	-1.86392023457914	2.28904579230685	-0.814278264263434	0.415485558637068	0.935507377393223
RAD21	0.699631154408429	-1.86440217050202	2.17382815470577	-0.857658488996049	0.391081068079793	0.935507377393223
SCCPDH	0.651948128974111	-1.86539289621856	2.2623785763149	-0.824527298723377	0.409640011184709	0.935507377393223
CXXC5	0.645888643085994	-1.86602229016471	2.24057471927475	-0.832831984629695	0.404939493279134	0.935507377393223
NUFIP2	0.674386835815727	-1.8671609454038	2.18759200820375	-0.853523389371377	0.393369122709949	0.935507377393223
GCC2	0.686277173391454	-1.86869681423821	2.17591814206793	-0.858808416598914	0.390446223274166	0.935507377393223
C7orf55-LUC7L2	0.69904638141181	-1.86928556406332	2.2061071246463	-0.847323116443411	0.396815045255349	0.935507377393223
ANKS3	0.667524381873147	-1.86945484053985	2.13031000259094	-0.877550609191227	0.380187642744655	0.935507377393223
NDUFA2	3.42527849977079	-1.87026714302655	1.50844502413195	-1.23986430602786	0.215025588120233	0.935507377393223
NACC1	0.660777914620794	-1.87267067410996	2.11194790176982	-0.886703063338192	0.37523878866116	0.935507377393223
ATP6V1H	0.670956221626879	-1.8731336456824	2.15643855865413	-0.868623702801649	0.38505298553168	0.935507377393223
CCDC112	0.648910654733471	-1.87358327758298	2.19056484084955	-0.855296881719497	0.392386813406472	0.935507377393223
MAFF	0.666048302152116	-1.87571564867083	2.27914351708172	-0.822991459121689	0.410512850379838	0.935507377393223
CEP350	0.700820110400033	-1.87583421934025	2.17414393699545	-0.862792102869024	0.388251781885158	0.935507377393223
AKR7A2	0.677458973979263	-1.87674496771938	2.2101326306455	-0.849154906676914	0.395795101324422	0.935507377393223
RBBP5	0.721000953280077	-1.87919862226848	2.2225923969235	-0.84549853804488	0.397832548583891	0.935507377393223
SMAD5	0.662637837821845	-1.88168396932405	2.13211458491865	-0.882543547440648	0.37748294126607	0.935507377393223
STAT1	0.64883716922711	-1.88532609264905	2.09993274906631	-0.897803081306927	0.369290541655577	0.935507377393223
DIMT1	0.646323635911448	-1.88543138040618	2.14190694219933	-0.880258307800337	0.378719392904378	0.935507377393223
MAEA	0.656946724718345	-1.88720926481033	2.13643936773812	-0.883343236091155	0.377050850103695	0.935507377393223
DDIT4	3.50696365687185	-1.8908380759448	1.99348812606438	-0.948507318013357	0.34287124910898	0.935507377393223
TRA2A	0.792209753456588	-1.8934775822333	2.34776902864032	-0.806500792511894	0.419954151244097	0.935507377393223
GMPPA	0.637845271978182	-1.89428633282346	2.16353842603104	-0.875550121981648	0.381274650880408	0.935507377393223
BTBD7	0.696841750319141	-1.89486524486794	2.19153679556192	-0.864628533139501	0.387242706479335	0.935507377393223
USP47	0.676083245134133	-1.89556821203005	2.176791734811	-0.870808254972832	0.383858857177492	0.935507377393223
STX18	0.679784357760353	-1.89582708875584	2.15524503247193	-0.879634129851792	0.379057543542577	0.935507377393223
NDEL1	0.690109606287103	-1.89720950417598	2.13719286853608	-0.887710946497551	0.374696256139088	0.935507377393223
RP11-680A11.5	0.638514319317289	-1.89811508593848	2.14242607190444	-0.885965266587339	0.375636244129236	0.935507377393223
THOC5	0.66119287805179	-1.90140643723409	2.10461887115652	-0.903444544422068	0.366290007813538	0.935507377393223
PRR7	0.647679947910122	-1.9028207234102	2.11519315288549	-0.899596673152247	0.368334928298851	0.935507377393223
TCERG1	0.705848022489598	-1.90368066210729	2.18979996192575	-0.869339983197897	0.384661199589192	0.935507377393223
CTD-2270P14.2	0.696857114032427	-1.9043113732315	2.18489647971211	-0.871579679364223	0.383437720326719	0.935507377393223
C6orf89	0.673340477793876	-1.90532245374683	2.12780027502238	-0.895442338321341	0.370550676650232	0.935507377393223
CCDC85B	0.666683261595355	-1.90569200720093	2.35487014163073	-0.809255667015787	0.418368100988216	0.935507377393223
AKTIP	0.67135107110252	-1.90626879282598	2.12452735859196	-0.897267236929993	0.369576334646697	0.935507377393223
ESRP1	0.657166582993512	-1.90755926801853	2.18450193228568	-0.873223886793555	0.382541057477896	0.935507377393223
RPA2	0.70431248450196	-1.9077820526538	2.20630472699213	-0.864695628538443	0.387205869439297	0.935507377393223
WHAMM	0.723684596169738	-1.9081363765171	2.20611234721056	-0.864931642728794	0.387076308769198	0.935507377393223
EPB41L5	0.666221611478848	-1.9083180946188	2.16292214845034	-0.882287000475745	0.377621624443954	0.935507377393223
SCRN1	0.667219390765315	-1.91019695842948	2.14912727782008	-0.888824490826364	0.374097411520751	0.935507377393223
EXOSC7	0.683816308096252	-1.91183484857066	2.19138128623141	-0.872433683988651	0.382971831320151	0.935507377393223
DHX38	0.692650791286841	-1.91217889373754	2.13432118178643	-0.895918997597652	0.370296027008551	0.935507377393223
TBC1D17	0.679696244998016	-1.91249916086638	2.11348267492209	-0.904904110906368	0.365516188991756	0.935507377393223
SNHG1	0.67033672366049	-1.91395971165343	2.25099588724835	-0.850272416087385	0.395173648670834	0.935507377393223
CTD-2270L9.4	0.655156410185141	-1.91403464242529	2.13737119187734	-0.895508767826201	0.370515180944555	0.935507377393223
ABHD17A	0.655274369668656	-1.91561164076391	2.10495219548725	-0.910049950241501	0.362796167819524	0.935507377393223
SLC2A4RG	0.658909843360116	-1.91661069953244	2.21855514756919	-0.863900409071379	0.387642602098385	0.935507377393223
GTF2H5	0.665296186524706	-1.91665995776628	2.18915968975139	-0.875523136452391	0.381289327081693	0.935507377393223
ACD	0.671510942396497	-1.91920638777052	2.12350110189374	-0.903793450382	0.366104935352385	0.935507377393223
USP36	0.684318221868285	-1.92209052209489	2.22428414980015	-0.864138928593087	0.387511576224838	0.935507377393223
CDC42BPB	0.703024383997996	-1.92394784544108	2.1099311220853	-0.911853389573964	0.361845900805173	0.935507377393223
SCO2	0.658529392796362	-1.92427728475329	2.1286542245492	-0.903987722647066	0.366001911539535	0.935507377393223
RAB3IP	0.676400406151954	-1.92492354095889	2.17293317689764	-0.885864122019232	0.37569075156265	0.935507377393223
MTL5	0.644726146073193	-1.92551053802043	2.11123359382807	-0.912031024728589	0.361752385874843	0.935507377393223
PDGFA	0.747007327676915	-1.92675519517458	2.24563185327511	-0.858001364900719	0.390891709750546	0.935507377393223
BOK	0.674150292743335	-1.92695068041145	2.13405365095074	-0.902953250286363	0.366550707084438	0.935507377393223
C6orf48	10.744118442954	-1.93081798441342	1.13784085473418	-1.69691391935869	0.0897129360452854	0.935507377393223
PIP4K2C	0.653217690908001	-1.93332969553239	2.12691591713656	-0.908982663562554	0.363359277022568	0.935507377393223
APEH	0.682478160523145	-1.93344503743366	2.14419825762837	-0.901710012381124	0.36721093289792	0.935507377393223
PIGH	0.679267135268605	-1.93345903378106	2.13438084846553	-0.905864122221241	0.365007776295542	0.935507377393223
LRRC28	0.658264966857086	-1.93360693190802	2.1163262985562	-0.913662006292301	0.360894473860089	0.935507377393223
DLGAP4	0.655919391050385	-1.9336844786941	2.12047063588147	-0.911912877251551	0.361814582197522	0.935507377393223
TPGS1	0.659707768176753	-1.93386542334024	2.1667138483002	-0.892533836370396	0.372106864868858	0.935507377393223
GALNT1	0.6848905445836	-1.9339786454948	2.15660635061762	-0.89676942894142	0.369841964055686	0.935507377393223
TOB1	0.736502211956808	-1.93591844214976	2.26547251598847	-0.854531859683623	0.392810364430521	0.935507377393223
TMEM38B	0.690056555135609	-1.93623607854992	2.15351342390465	-0.899105646176668	0.368596390952545	0.935507377393223
SMAGP	0.683029035894624	-1.93700573585127	2.15161391244869	-0.900257116132339	0.367983436904649	0.935507377393223
PIAS1	0.694756774447716	-1.93768866004251	2.12016926084744	-0.913931116644906	0.360753041992895	0.935507377393223
GNL2	0.698063046919758	-1.93874291200991	2.15995098185898	-0.897586532422751	0.369406021612152	0.935507377393223
RPL13AP5	0.639194275889939	-1.93914757536244	2.0938060859631	-0.926135227308062	0.354375708830652	0.935507377393223
LINC00963	0.718569939738047	-1.93936867838942	2.21153540000465	-0.876933138119944	0.380522955673084	0.935507377393223
DOCK5	0.778611833389377	-1.93968123285891	2.33981008263809	-0.82899088573546	0.40710956462765	0.935507377393223
MBOAT2	0.658232902164541	-1.93989092233879	2.13589334112737	-0.908233985745222	0.363754611758992	0.935507377393223
TRAPPC2B	0.697276093985863	-1.94038514340821	2.19214226567663	-0.885154751947309	0.376073172722856	0.935507377393223
USP9X	0.70100791331994	-1.94155213792662	2.10398875664762	-0.922795871314528	0.35611359282151	0.935507377393223
KLC2	0.703553559893396	-1.94267357976474	2.14866832100883	-0.904129111398931	0.365926943563326	0.935507377393223
FBXL15	0.671953959159097	-1.94284558348303	2.16999551347262	-0.895322396484552	0.370614771293185	0.935507377393223
MRPL54	0.676667243369718	-1.94378980651965	2.1704015624062	-0.895589940676545	0.370471810198481	0.935507377393223
KRCC1	0.726177993570455	-1.94390943543179	2.27266029868187	-0.855345357403062	0.392359984394427	0.935507377393223
ALG2	0.70047075762251	-1.94708903634653	2.15767604149816	-0.902401008723528	0.366843885458601	0.935507377393223
FBXO2	0.664806511267922	-1.94816054096835	2.57312600517156	-0.757118204492462	0.448979048542517	0.935507377393223
HBP1	0.723183491848222	-1.94829827634422	2.1976276105314	-0.886546140486971	0.37532330216631	0.935507377393223
AAMDC	0.666168377676196	-1.9488262016532	2.17051296237759	-0.897864346093768	0.369257874792691	0.935507377393223
ZNF639	0.71347069090738	-1.94973334749287	2.13746811570276	-0.91216955853951	0.361679466119532	0.935507377393223
EHMT1	0.732449521879436	-1.95298646105788	2.14199708670263	-0.911759625249675	0.361895268563191	0.935507377393223
AP4B1	0.698715161583453	-1.95314407266926	2.13843017647653	-0.913354148362909	0.361056312299719	0.935507377393223
MAPKAPK3	0.668679181183181	-1.95389302483299	2.11534799477181	-0.923674511079091	0.355655806731332	0.935507377393223
KRT80	0.702254350491282	-1.95470183307614	2.55360535441698	-0.765467471195218	0.443993229214103	0.935507377393223
TGS1	0.701496858679572	-1.95505062151507	2.17766255243305	-0.89777482711026	0.369305607619357	0.935507377393223
RHNO1	0.690456629886178	-1.9552208705846	2.12576994910456	-0.91977067951694	0.357692608471475	0.935507377393223
TP53TG1	0.667592913823496	-1.95553126231804	2.15556855372836	-0.907199754299471	0.364301173647719	0.935507377393223
GSPT1	3.90073336695627	-1.95609231736234	1.58657254618634	-1.2329044278903	0.217611423262232	0.935507377393223
ASB8	0.69963945110664	-1.95626070064996	2.14008243836245	-0.91410530061022	0.360661517555049	0.935507377393223
CXCL16	0.697263787650446	-1.95672844129681	2.13182814509524	-0.917864062259762	0.358690038325528	0.935507377393223
XPO1	0.718533319085466	-1.9580424758575	2.17181370666229	-0.901570180651765	0.367285237358299	0.935507377393223
DPP3	0.692781436728606	-1.9591064073653	2.22570706107069	-0.880217545979685	0.378741470098121	0.935507377393223
SLC10A3	0.68352816805791	-1.95932194179046	2.14247338644165	-0.914514016458621	0.360446816259783	0.935507377393223
BCAP29	0.710876344472321	-1.95982228453099	2.19127480864705	-0.894375400473403	0.371121069706679	0.935507377393223
SNX29	0.711169732288036	-1.96081185151785	2.17551890749021	-0.901307658033618	0.367424763199662	0.935507377393223
EAPP	3.83778269592542	-1.96524864916817	1.55682908947869	-1.262340652837	0.206826234360207	0.935507377393223
TMEM9B	0.704211383687298	-1.96564540576712	2.1230685090235	-0.925851143009614	0.354523344563751	0.935507377393223
GSE1	0.721919842325527	-1.9677721881989	2.13714917202876	-0.920746297896897	0.357182898284139	0.935507377393223
ATXN7	0.758621768146546	-1.96835814699266	2.14085995320821	-0.919424058562525	0.357873810179277	0.935507377393223
UBAP1	0.743978083974588	-1.96844324829617	2.16275526417738	-0.910155337915631	0.362740594072083	0.935507377393223
DMWD	0.692698894663208	-1.97077714476871	2.12248831933238	-0.92852202144915	0.353136850161993	0.935507377393223
ACOT8	0.703370741358925	-1.9715568482009	2.12022665839144	-0.929880227851047	0.352433101303079	0.935507377393223
GNL1	0.728474020023802	-1.97330303070703	2.1351760129199	-0.9241875230738	0.355388690573998	0.935507377393223
NSRP1	0.715777503950908	-1.97345022707825	2.15786497346233	-0.914538329018711	0.360434047230139	0.935507377393223
NDUFA13	3.76937169895618	-1.9750200193757	1.52451683994357	-1.29550554485761	0.19514588980676	0.935507377393223
CLN8	0.704903078160804	-1.97510821040473	2.1297292536273	-0.927398732510615	0.353719548500477	0.935507377393223
ILK	0.711404688425344	-1.97580107496137	2.15153416720253	-0.91832196071064	0.358450333399108	0.935507377393223
PCSK7	0.7126385343672	-1.9771296320728	2.16462573796132	-0.913381744196987	0.361041803534469	0.935507377393223
PPP5C	0.662010536135348	-1.97742271308178	2.11123300073659	-0.936619838924396	0.348954143351571	0.935507377393223
STX7	0.709904415173697	-1.97828474200742	2.15496528574922	-0.918012348082732	0.358612401255431	0.935507377393223
CISD3	0.694989813899483	-1.9784648536795	2.15998336115135	-0.915963006596915	0.359686298090164	0.935507377393223
QSOX1	0.700649907568569	-1.98008059745581	2.1584604896442	-0.917357814495928	0.358955170886195	0.935507377393223
C11orf84	0.720178657100269	-1.98024713485642	2.14156723069644	-0.924671944206226	0.355136577393303	0.935507377393223
USP15	0.755563920844454	-1.98148996983557	2.16549278297787	-0.915029588374213	0.360176097168292	0.935507377393223
ILKAP	0.709901551931108	-1.98192431379357	2.16092702556253	-0.917163925643274	0.359056747158305	0.935507377393223
SRSF6	0.805902200884523	-1.98210593700024	2.36769811458292	-0.837144703875981	0.402511234943764	0.935507377393223
FAM89B	0.678616787311868	-1.9854323649682	2.25678873636586	-0.879759958464421	0.378989360494895	0.935507377393223
PHIP	0.755650920068001	-1.98595431508369	2.18356094932041	-0.909502579125065	0.363084897026717	0.935507377393223
NPEPPS	0.722359387545967	-1.98974119344956	2.1242779629454	-0.936667059658566	0.348929845419392	0.935507377393223
SMAP2	0.71110742898084	-1.99089075988553	2.14363168942049	-0.928746654432858	0.353020396240963	0.935507377393223
TMEM50B	0.690948908784317	-1.99236388743304	2.12791248556237	-0.936299730816464	0.349118886726305	0.935507377393223
CBLL1	0.706669500349763	-1.99356218107516	2.10763248072349	-0.945877518641595	0.344211061286133	0.935507377393223
ANKRD9	0.699548594609042	-1.99419182064304	2.17969566528803	-0.914894612307963	0.360246958741469	0.935507377393223
ATP2B1	3.95921749236551	-1.99676635599124	1.66628395458411	-1.19833498396113	0.230786632372158	0.935507377393223
UTP23	0.729540375194592	-1.99706745968497	2.16865579461711	-0.920878022525267	0.357114114038914	0.935507377393223
TMEM120A	0.686802370096181	-1.99756880006599	2.11446127406711	-0.944717609428583	0.344803064412265	0.935507377393223
ASNSD1	0.714553507360959	-1.99828820672004	2.1388687517121	-0.93427341211118	0.350162875610046	0.935507377393223
RNF19A	0.711908462560424	-1.9984309360297	2.13139575378768	-0.937616082080633	0.348441743660597	0.935507377393223
PARP6	0.720329836013128	-2.00386731124662	2.17165313307952	-0.922738203777979	0.356143651563543	0.935507377393223
DHDDS	0.740595449868448	-2.00437012835025	2.17379833306929	-0.922058913128422	0.356497846767744	0.935507377393223
RBM4	0.780028541697592	-2.00454972629881	2.2066496393942	-0.908413229953953	0.363659938467324	0.935507377393223
DCP1A	0.732576990446068	-2.00504342374777	2.14620642002468	-0.934226738416294	0.350186945887365	0.935507377393223
PNO1	0.750339672062322	-2.00621729732233	2.11188695395842	-0.949964340450122	0.342130372187065	0.935507377393223
RNF113A	0.715290464316399	-2.00697632289599	2.13923617514171	-0.938174263420463	0.348154862269294	0.935507377393223
KDM6B	0.748535436299514	-2.00708698704595	2.15211301339724	-0.932612262716467	0.35102019961454	0.935507377393223
PGF	0.735303309946162	-2.00991821796495	2.4655541223203	-0.815199390583015	0.414958186659851	0.935507377393223
LETM1	0.800850383115513	-2.01057644544933	2.31150916678591	-0.869811149503242	0.384403617378519	0.935507377393223
SKA2	0.720384874796381	-2.01062914855035	2.28875832162304	-0.878480322520264	0.379683111711677	0.935507377393223
CMTM6	0.743074850101054	-2.01146334750959	2.16737138797735	-0.928065839877465	0.353373417938685	0.935507377393223
LTV1	0.746399049398421	-2.01277920398254	2.22278966780687	-0.905519416944412	0.365190278022834	0.935507377393223
TBC1D10B	0.704637708173123	-2.01390043380103	2.14911923180419	-0.937081760750127	0.348716502714554	0.935507377393223
FAM86DP	0.739041994569165	-2.01503081118269	2.22766878038664	-0.904546864831921	0.365705495865832	0.935507377393223
PMPCB	0.738247743312185	-2.01541471889819	2.14584221984009	-0.939218503701722	0.347618570645089	0.935507377393223
KIAA1598	0.731371717803564	-2.01843477145514	2.19632298565022	-0.919006350451497	0.358092250586115	0.935507377393223
AC016739.2	0.702200563811566	-2.01999174560876	2.13065282636382	-0.948062359392494	0.343097709005035	0.935507377393223
ARHGAP29	0.746622297400915	-2.02146194490632	2.31967249657951	-0.871442821297871	0.383512413380097	0.935507377393223
AP5M1	0.742133581776926	-2.02234754986445	2.12008034718975	-0.953901371023577	0.340133569422981	0.935507377393223
KCNQ1OT1	0.812074583478169	-2.02431379094158	2.51778985080487	-0.804004269972911	0.421394508987525	0.935507377393223
FXYD3	0.719941955325991	-2.02589519108909	2.29445382309152	-0.882953132767526	0.377261594271831	0.935507377393223
UPF3A	0.721280320190634	-2.02916631863956	2.13738279825638	-0.949369631071652	0.342432650391681	0.935507377393223
LRRC58	0.778912750839155	-2.03013514756672	2.16649966682907	-0.937057678175447	0.34872888971231	0.935507377393223
EVA1B	0.693280870026346	-2.03081165014857	2.19460122347262	-0.925367045469483	0.354775014628775	0.935507377393223
WIZ	0.688405645023289	-2.03198508300182	2.11484787500692	-0.960818556746152	0.336643406457321	0.935507377393223
CMTM8	0.691425288787963	-2.03326787735175	2.15479905533323	-0.943599762733938	0.345374213542368	0.935507377393223
PPP4R2	0.786168267571951	-2.03584230507884	2.16920228228583	-0.938521188966085	0.34797663302515	0.935507377393223
GOPC	0.750177348644064	-2.03716235331215	2.12757778037712	-0.957503115562268	0.338313374613066	0.935507377393223
RPP21	0.726376917015331	-2.03777624822765	2.12768386617286	-0.9577439020079	0.338191913072051	0.935507377393223
TMA16	0.753785339847592	-2.04022722910566	2.15097802859975	-0.948511422236059	0.34286916072614	0.935507377393223
TMEM87A	0.7507621721804	-2.04046403082776	2.11717447108733	-0.963767539564102	0.335162484306392	0.935507377393223
FAM102A	0.761238065463169	-2.0415028327168	2.1288692345702	-0.958961123381991	0.337578330497498	0.935507377393223
PRKAG2	0.751315890705898	-2.04183096549917	2.13198117470054	-0.957715288356604	0.338206345384036	0.935507377393223
BCL2L12	0.707339344344732	-2.04211601299111	2.12078137609091	-0.962907368016975	0.335594011686986	0.935507377393223
SF3B1	0.780344763819068	-2.04600268123974	2.27617455050425	-0.898877759961986	0.368717775313978	0.935507377393223
TRAF3IP1	0.768475378320507	-2.04600391612165	2.16551800090662	-0.944810394217489	0.344755684333958	0.935507377393223
PES1	0.74276764920407	-2.04961348434443	2.12433639740045	-0.964825291725238	0.334632325716384	0.935507377393223
FGD5-AS1	0.750121329368957	-2.05154115358972	2.11991928584704	-0.967744935991752	0.333171770066398	0.935507377393223
ACIN1	0.777555784958753	-2.05304321139312	2.17170350655684	-0.945360729581428	0.344474743769839	0.935507377393223
TGOLN2	0.779026147117929	-2.05454475513288	2.18812734417668	-0.938951181520902	0.347755809527809	0.935507377393223
CCNDBP1	0.741583986409812	-2.05575077110272	2.13363188046195	-0.963498338175202	0.335297497726785	0.935507377393223
MRS2	0.75049230028726	-2.05602800411939	2.14480173922755	-0.958609817642106	0.337755344839195	0.935507377393223
RMDN3	0.742976834977332	-2.05653643599629	2.15475342189487	-0.954418456933135	0.339871867251867	0.935507377393223
MIR4435-1HG	3.93651742475788	-2.06236505476002	1.75107897173667	-1.17776815783164	0.238889046251878	0.935507377393223
NMD3	0.74804896796711	-2.06356458344374	2.17494469808644	-0.948789449800401	0.342727708776169	0.935507377393223
LRRC8A	0.765330339296798	-2.06406407560333	2.15933683652818	-0.955878694183702	0.339133524285475	0.935507377393223
MED6	0.781139984737519	-2.06415234927218	2.16575383650611	-0.953087241254601	0.340545870034776	0.935507377393223
ZNF579	0.747120741311056	-2.0642067037198	2.11227759986373	-0.977242150299264	0.32844928516829	0.935507377393223
STAP2	0.739652008587111	-2.06487447183691	2.16660637808973	-0.953045505966564	0.340567014705487	0.935507377393223
GTF3C4	0.770075624389903	-2.06576865434761	2.10892966973407	-0.979534160856154	0.327316118186595	0.935507377393223
TSN	0.771516393292337	-2.06605567869771	2.1376742296006	-0.966496976054075	0.333795559346106	0.935507377393223
AKT1	0.756975091453454	-2.06796374391232	2.12796226696288	-0.971804705383149	0.331147714556474	0.935507377393223
YES1	0.801693465924033	-2.06813482716534	2.12300691630641	-0.974153598502386	0.329980280035528	0.935507377393223
DCTN4	0.761421094260948	-2.07076518480236	2.11194131504585	-0.98050318446344	0.326837798494646	0.935507377393223
RAB9A	0.767996169360449	-2.071954206725	2.13366913759354	-0.971075679082027	0.331510593914606	0.935507377393223
PDS5A	0.74840996395663	-2.072239467324	2.08934140223086	-0.991814676678212	0.321287936832664	0.935507377393223
RRP1B	0.79498744963776	-2.07342376549037	2.22526575218886	-0.931764560457943	0.351458213446629	0.935507377393223
SPPL3	0.796008972435452	-2.07450339213166	2.13387421407614	-0.972176981401791	0.330962509965357	0.935507377393223
ATXN3	0.766928795626374	-2.07481376243642	2.15767457528125	-0.961597168639747	0.336251994314536	0.935507377393223
TTC19	0.807384755748218	-2.07520639774371	2.19464050388891	-0.945579193524609	0.344363260681624	0.935507377393223
RHOT2	0.727265008487275	-2.0752800678522	2.12742874232174	-0.975487463607064	0.329318517217895	0.935507377393223
RBCK1	3.98981453285189	-2.0766896359122	1.55865457573675	-1.33236040123296	0.18274178782565	0.935507377393223
MESDC1	0.757625021314802	-2.07747780614051	2.13961853233103	-0.970957100412278	0.331569641807158	0.935507377393223
HTATSF1	0.789575646309725	-2.07849044407163	2.16255548768125	-0.961126988838674	0.336488321045422	0.935507377393223
DHCR7	0.749743494794432	-2.07863243720387	2.13502817203756	-0.973585484457625	0.330262396473505	0.935507377393223
DIAPH3	0.751731791353642	-2.08320720958504	2.1107188257823	-0.986965759787043	0.323659424541153	0.935507377393223
RASD1	0.733955169579056	-2.08471183569853	2.83969398369365	-0.734132567688473	0.462867946292473	0.935507377393223
MRPL17	0.754094736928414	-2.08509770784768	2.15860651389388	-0.96594617612193	0.334071114615444	0.935507377393223
BTBD6	0.742089175862616	-2.08598579436345	2.22543479699078	-0.937338535905031	0.348584446455826	0.935507377393223
HSPB8	0.781899994338055	-2.08869957079049	2.38355651594858	-0.876295383312636	0.380869474190078	0.935507377393223
ZNF217	0.808025459782674	-2.08972375179226	2.14689964471661	-0.973368157629046	0.330370358809947	0.935507377393223
CTDSP2	0.737360725416345	-2.09048643488582	2.10613011236118	-0.992572311946187	0.320918423517661	0.935507377393223
ALG13	0.769320233507238	-2.09054985095287	2.1241999713779	-0.984158685209285	0.325037496038696	0.935507377393223
C16orf87	0.745961652061898	-2.09091376815736	2.10657352618471	-0.992566241893435	0.320921382895504	0.935507377393223
PPM1A	0.810014874441276	-2.09239600635494	2.11851254456162	-0.987672228671138	0.323313199695311	0.935507377393223
EZR	0.800532763737675	-2.09424883313728	2.21609726692257	-0.945016658066415	0.344650371632817	0.935507377393223
AIDA	0.773418467690164	-2.09543022126298	2.11809424333101	-0.989299804699729	0.322516479591291	0.935507377393223
NAT9	0.762686825691763	-2.09678760985282	2.09470532540325	-1.00099407034695	0.316829675128355	0.935507377393223
ABHD11	0.772448655997064	-2.09967513261346	2.20710156247921	-0.951326920477061	0.341438445267325	0.935507377393223
C2orf49	0.782547349779867	-2.10132692700269	2.11233699217978	-0.994787732630806	0.319839513852125	0.935507377393223
PMPCA	0.775918612626723	-2.10303789049391	2.14923423529695	-0.978505672371882	0.327824287232304	0.935507377393223
NME6	0.767700880003858	-2.10339983911971	2.09594452327504	-1.00355701964526	0.315592180122751	0.935507377393223
ABHD12	0.755704206819359	-2.10370541891558	2.13067889928418	-0.987340429204201	0.323475777233097	0.935507377393223
HEIH	0.785656147273697	-2.10511044914851	2.13863534693402	-0.984324163615099	0.324956152308039	0.935507377393223
BRD3	0.825451663688789	-2.10623820659702	2.18353561383789	-0.964599887104652	0.334745255987448	0.935507377393223
ARFIP2	0.798989240227149	-2.10696820857551	2.10785239412239	-0.99958052776876	0.317513550438762	0.935507377393223
LRRC47	0.818996535707289	-2.110508620584	2.13376081854597	-0.989102715843377	0.322612888995912	0.935507377393223
HBEGF	0.802014436526871	-2.11088623356194	2.70149328843674	-0.781377559810054	0.434580465335283	0.935507377393223
RP11-423H2.1	0.77287194625883	-2.11229372594094	2.15018311946555	-0.982378527120971	0.325913400935754	0.935507377393223
TIMMDC1	0.798286073354987	-2.11244481209164	2.17530791870979	-0.971101513455878	0.33149773023197	0.935507377393223
BDH1	0.771697428810385	-2.11260970440094	2.14676368384195	-0.984090480150157	0.325071027253597	0.935507377393223
RBBP7	0.836587503712673	-2.11279172090431	2.19922853570575	-0.960696756431592	0.336704662588655	0.935507377393223
LENG1	0.787080282464745	-2.11370100722415	2.14242633526054	-0.98659215135493	0.323842619433128	0.935507377393223
TBRG4	0.7945537587833	-2.11371338270599	2.12095165349641	-0.996587253283927	0.318964895642766	0.935507377393223
EMP2	0.774201940788319	-2.11490429347333	2.19328909657262	-0.964261527027251	0.334914824321927	0.935507377393223
DGKZ	0.789004035631316	-2.12103814231389	2.1347562650039	-0.993573916181953	0.320430348181569	0.935507377393223
C17orf67	0.796172483837402	-2.12167139652924	2.12091859231944	-1.00035494252939	0.317138766945402	0.935507377393223
ATIC	0.810540001200754	-2.12255071072768	2.18478474413829	-0.971514798619143	0.331291987461269	0.935507377393223
CIRH1A	0.797885696846117	-2.12267117543912	2.17906171284916	-0.974121642779767	0.329996144598403	0.935507377393223
C5orf24	0.782824255159598	-2.12689541818753	2.13920932177815	-0.994243712634729	0.320104231529481	0.935507377393223
NIP7	0.807414319118639	-2.12799233025001	2.14150112460483	-0.993691904150966	0.320372885361624	0.935507377393223
JUN	4.34386649394137	-2.12901614298415	1.8074286240574	-1.17792543210079	0.238826335160369	0.935507377393223
MAT2A	0.793839810151377	-2.12986637260867	2.15321342911981	-0.989157109929095	0.322586279315241	0.935507377393223
ZRSR2	0.789181560518047	-2.13083070613481	2.14285464463991	-0.994388822155914	0.320033607884486	0.935507377393223
L3HYPDH	0.782496912511831	-2.13285881824696	2.21805554720701	-0.96158945204626	0.33625587204794	0.935507377393223
MFGE8	0.771438106018828	-2.13419846311445	2.24015965043279	-0.952699269760588	0.340742463454439	0.935507377393223
SLC35A4	0.776517598337721	-2.13455780671553	2.10938624618775	-1.01193312062846	0.311570031836857	0.935507377393223
U2AF1L4	0.745800235579084	-2.13493698829114	2.10332269941139	-1.01503064122714	0.310091221583949	0.935507377393223
TRAPPC10	0.784456856284572	-2.13525572273056	2.15357312243631	-0.991494414786794	0.321444218251665	0.935507377393223
TMF1	0.867398647970285	-2.13614057959582	2.27226058292899	-0.940094897409295	0.347168885925536	0.935507377393223
MRPL57	8.28921653199188	-2.13639425991083	1.16910350786711	-1.82737819665636	0.0676429252640037	0.935507377393223
XPC	0.83784019763071	-2.13732143004654	2.20977423195883	-0.967212577255883	0.333437776009755	0.935507377393223
SURF2	4.23291708783952	-2.13757555748474	1.54956722630147	-1.37946616397324	0.167751071664356	0.935507377393223
FDX1L	0.776201292527631	-2.13772348686026	2.16351343451732	-0.9880795990237	0.323113666230546	0.935507377393223
SYTL1	0.798798428620032	-2.14045585108454	2.34233747735293	-0.913811895928617	0.360815694557514	0.935507377393223
SUPT20H	0.845903972125437	-2.14190051191432	2.1521793067932	-0.995224006268235	0.319627328549385	0.935507377393223
NABP2	0.794889433949371	-2.14500711163032	2.17027591204549	-0.988356871918946	0.32297790153473	0.935507377393223
MAP7D3	0.798099209288603	-2.14582789145777	2.193303962598	-0.97835408500152	0.327899228768663	0.935507377393223
PPIF	0.812518680794917	-2.14626212199031	2.24119711994257	-0.957640942375166	0.338243846270929	0.935507377393223
COMMD9	0.794167346446369	-2.14957840935823	2.12447258900112	-1.01181743670739	0.311625351283906	0.935507377393223
PKIG	0.80958688155746	-2.15155858707571	2.23632028615665	-0.962097692532848	0.336000533104602	0.935507377393223
APP	0.867124288816972	-2.15231527555924	2.29055483874178	-0.939648001067516	0.347398145791485	0.935507377393223
ZNF24	0.844426749942145	-2.15659684325197	2.16553887742844	-0.995870757957907	0.319312944984136	0.935507377393223
NTPCR	0.775913913892939	-2.15770672131461	2.09477775800133	-1.03004087811841	0.302990816666598	0.935507377393223
CRIP2	0.754609730275479	-2.1581271037443	2.36988336157081	-0.910646970538603	0.362481413437063	0.935507377393223
ACOT9	0.778298326084631	-2.1583210579456	2.19048026098975	-0.985318651979261	0.324467573667846	0.935507377393223
TIMM44	0.818674993814677	-2.16069075148049	2.11834769978503	-1.01998871653589	0.307733812116002	0.935507377393223
PAFAH1B2	0.83805044791377	-2.16084209646166	2.15549680022896	-1.00247984419747	0.316111896496839	0.935507377393223
FLII	0.813840385019269	-2.16203616014737	2.12896513178708	-1.01553385157254	0.309851418550566	0.935507377393223
HCFC1	0.797228773125599	-2.16214131825343	2.11202683320098	-1.02372814789313	0.305963696433655	0.935507377393223
OAT	0.754247641096432	-2.16252554187558	2.16280878138081	-0.999869040893644	0.317373888552477	0.935507377393223
BEND7	0.807316162852226	-2.16415178050804	2.16838132687156	-0.998049445311529	0.318255382741903	0.935507377393223
C16orf93	0.734847058410947	-2.16491447889457	2.21187896639932	-0.978767153077456	0.327695042917005	0.935507377393223
CSNK2A1	0.815731061739798	-2.16549993821041	2.13074026142709	-1.01631342750337	0.309480156436188	0.935507377393223
TMEM60	0.775571360774994	-2.16727176038747	2.138692490585	-1.01336296355287	0.31088682305589	0.935507377393223
HELZ	0.861184328444995	-2.16910192205064	2.14860998362309	-1.00953730020048	0.312717022331072	0.935507377393223
DHCR24	0.751634373624295	-2.17058675278178	2.14921835524268	-1.00994240417078	0.31252288513334	0.935507377393223
NFKBIL1	0.802994091652734	-2.17198861536357	2.14546267572903	-1.01236373857007	0.31136416950028	0.935507377393223
MYH14	0.809122004906539	-2.17300788677236	2.12929735023843	-1.0205281505324	0.307478045480802	0.935507377393223
TFDP1	0.810871025400139	-2.17620319010042	2.18882610306401	-0.994233021551631	0.32010943519727	0.935507377393223
IKBKG	0.824926492536942	-2.17776911878962	2.14191755913654	-1.01673806701857	0.309278051517977	0.935507377393223
OTULIN	0.834871059003558	-2.17911813086035	2.1109584487027	-1.03228850013582	0.301936986685555	0.935507377393223
NSDHL	0.791284147118087	-2.181247689853	2.2001825797616	-0.99139394608303	0.321493255203822	0.935507377393223
MOAP1	0.85020809565772	-2.18188011160245	2.14243633494151	-1.01841071121584	0.308482813997692	0.935507377393223
DUSP14	0.857874416957176	-2.18195839936114	2.14907397915854	-1.01530166970589	0.309962048739258	0.935507377393223
AVEN	0.789989077061507	-2.18708173122685	2.16085986145131	-1.01213492380664	0.311473546111536	0.935507377393223
ZCCHC9	0.83906863724101	-2.19221331375132	2.11473022354256	-1.03663970436804	0.299903802039338	0.935507377393223
PRKAB2	0.841140930296329	-2.19290280156791	2.16049100619346	-1.01500205059014	0.310104850024725	0.935507377393223
POR	0.854368266377421	-2.19364859859538	2.1878759901612	-1.00263845321222	0.316035335453775	0.935507377393223
RP11-6N17.4	0.800771980761781	-2.1939805053398	2.13051865014232	-1.02978704513722	0.303109983415041	0.935507377393223
RCN1	0.845186120865767	-2.19686112367309	2.31268572254588	-0.949917709205517	0.342154067694573	0.935507377393223
RNF14	0.848823087341868	-2.19759172827608	2.11880527391605	-1.03718437712514	0.299649937573181	0.935507377393223
ATXN2	0.873305375171781	-2.19949981247138	2.15955433675283	-1.01849709221886	0.308441781997634	0.935507377393223
ACAA2	0.836882961712269	-2.20034355221731	2.12992102106029	-1.03306344717043	0.301574207806402	0.935507377393223
MEIS3	0.807211345892819	-2.20111148334202	2.11795741232604	-1.03926144620852	0.298683160109185	0.935507377393223
LONP1	0.856246500385214	-2.20267792393758	2.13324401110887	-1.0325485094378	0.301815235187011	0.935507377393223
SUCO	0.877807056865898	-2.20470702135236	2.17388411433116	-1.01417872591184	0.310497477965919	0.935507377393223
CNOT11	0.854640319622759	-2.2047906850583	2.11828599143023	-1.04083711735716	0.297951150246011	0.935507377393223
PSMD10	0.826263955650285	-2.20604663615755	2.09928936294063	-1.05085400569428	0.293325647474473	0.935507377393223
ZNF787	0.815613833195356	-2.20682038185822	2.09677483491687	-1.0524832447952	0.292577893819112	0.935507377393223
CDH1	0.808234030803764	-2.20891857412727	2.15070893662702	-1.02706532553472	0.304389704744875	0.935507377393223
PSMD4	8.90498516823817	-2.20930497442892	1.17387912330878	-1.88205491567275	0.059828559825944	0.935507377393223
COA5	0.816449997697913	-2.20992920127637	2.12715792163043	-1.03891167590533	0.298845815674611	0.935507377393223
RAD9A	0.835144468943937	-2.21255959242478	2.17572728160562	-1.01692873510874	0.309187332434856	0.935507377393223
NME1-NME2	0.779563497527793	-2.21297547782733	2.07655809893782	-1.06569398610099	0.28656199710265	0.935507377393223
GSKIP	0.843018020006202	-2.21314381338826	2.09819190799871	-1.05478617325295	0.291523129679892	0.935507377393223
TRAPPC2	0.841315062314283	-2.21361398812666	2.11523513096876	-1.04650965545984	0.295325789396678	0.935507377393223
GEMIN7	0.816331993060666	-2.2136691508717	2.08699926128304	-1.0606947457714	0.288828648574866	0.935507377393223
EIF5A2	0.805828860087968	-2.2161219801418	2.1863655666983	-1.01360998997457	0.310768888892723	0.935507377393223
FBRS	0.845601669728904	-2.21655176540597	2.1094941656853	-1.05075036540141	0.29337325744539	0.935507377393223
ZNF12	0.862631797562628	-2.21803546310926	2.12185437312884	-1.04532878938275	0.295871036206809	0.935507377393223
CD276	0.868198974620458	-2.21811599400694	2.15120519367712	-1.03110386704461	0.302492114576566	0.935507377393223
SRP68	0.853143472485045	-2.21853842819076	2.16887018709138	-1.02290051354618	0.306354886672439	0.935507377393223
ZNF326	0.877309075479065	-2.21875354169002	2.19327652613367	-1.0116159614407	0.311721711164225	0.935507377393223
FERMT2	0.830858881030494	-2.21883564199545	2.18745348506371	-1.01434643394523	0.310417474582388	0.935507377393223
SF3A3	0.870164615503945	-2.22064640560935	2.1950086657985	-1.01168001758277	0.311691072806675	0.935507377393223
NBL1	0.85112934118983	-2.22244280976436	2.31320966721207	-0.960761508680232	0.336672096326728	0.935507377393223
IMMT	0.877677660943046	-2.2244123164341	2.19449921060802	-1.01363094854693	0.310758884310961	0.935507377393223
ABI1	0.861889907957836	-2.22512537201693	2.15749201650851	-1.03134813709201	0.302377592286311	0.935507377393223
LYPLAL1	0.849824971577233	-2.22617944749357	2.1600935385969	-1.03059400332247	0.3027312493654	0.935507377393223
BRD9	0.866713571530944	-2.22667930960452	2.11112349559414	-1.05473664342779	0.291545787903281	0.935507377393223
EMC9	0.830321700207797	-2.2267102791618	2.15557966254463	-1.03299837062538	0.301604661168789	0.935507377393223
SNRNP200	0.880550783394733	-2.22689652862387	2.15019128696812	-1.03567368267216	0.300354404098096	0.935507377393223
APOOL	0.892726572015042	-2.22710501614128	2.17201455864815	-1.0253637606957	0.30519158084692	0.935507377393223
KLHDC10	0.839443703980228	-2.22958432359973	2.09361580377566	-1.06494435109769	0.286901113231204	0.935507377393223
SYNE4	0.842890089040019	-2.22996786084309	2.33577731395776	-0.954700539095748	0.339729157178284	0.935507377393223
OXLD1	0.845546511569555	-2.23042051340259	2.14707817524339	-1.0388166295574	0.298890025803759	0.935507377393223
SLC25A51	0.802368735599935	-2.23315415893676	2.12752670284701	-1.0496480048633	0.293879977449861	0.935507377393223
KIF1B	0.862414380548377	-2.23921385070899	2.1539369088418	-1.03959119764239	0.298529868162986	0.935507377393223
RCE1	0.848525367849114	-2.24055468260955	2.11721633861087	-1.0582549556932	0.289939222798498	0.935507377393223
USP3	0.873082125833702	-2.2411296330387	2.11521851943771	-1.05952629122898	0.28936016215572	0.935507377393223
TTC39C	0.804816925076327	-2.24158398534649	2.12446585010286	-1.05512827388492	0.291366662509293	0.935507377393223
RPP40	0.872359630254622	-2.24161184044941	2.23359069049695	-1.00359114585613	0.315575724060854	0.935507377393223
CEBPZ	0.887527037092163	-2.24235803707642	2.13982062622885	-1.04791869448809	0.294676068356389	0.935507377393223
RHBDD3	0.905882954407324	-2.24305294709175	2.1566179411882	-1.04007896078984	0.298303217458276	0.935507377393223
FAM214A	0.818365445229221	-2.24539236368177	2.12517824053549	-1.05656660738066	0.290709427157617	0.935507377393223
CEBPZOS	0.868007708096873	-2.24997302346209	2.1288617767888	-1.05689014101046	0.290561728472946	0.935507377393223
EML4	0.876886696338297	-2.25267861297222	2.12914382171142	-1.05802087674918	0.290045924718099	0.935507377393223
PGP	4.42600760334938	-2.25311573769964	1.51962397602852	-1.48267977686695	0.138159510140233	0.935507377393223
MRPL1	0.861236514538911	-2.25514427211923	2.13768773414874	-1.05494560131219	0.291450204760627	0.935507377393223
PIGP	0.822802633345612	-2.25564639048574	2.10264891715117	-1.07276415576875	0.283376946997382	0.935507377393223
RPP30	0.877456776044452	-2.25689572686252	2.15148742395623	-1.04899322288971	0.294181237573381	0.935507377393223
BRWD1	0.912955125865606	-2.25792977961149	2.12306586738828	-1.06352318799657	0.28754475531494	0.935507377393223
SNX27	0.880289637505348	-2.25825083916089	2.11226610417417	-1.06911285216301	0.285018821117262	0.935507377393223
NKTR	0.901563631977195	-2.2599318827818	2.13937459645776	-1.05635164899296	0.290807587291725	0.935507377393223
ECI2	0.828443692771458	-2.26046499698512	2.14314708903254	-1.05474095014427	0.291543817678853	0.935507377393223
CCAR1	0.908339061079904	-2.26092483234747	2.17226393144727	-1.04081497630959	0.297961428007264	0.935507377393223
SMARCC2	0.881131391000323	-2.26125811062324	2.15212407546969	-1.05070991788879	0.293391839510627	0.935507377393223
IST1	0.882696459220189	-2.26142655656956	2.11915215139518	-1.06713741865147	0.285909787031027	0.935507377393223
ACTR1A	0.845250980269113	-2.26164599187611	2.13386535103734	-1.05988224176219	0.289198175517563	0.935507377393223
EAF1	0.935838471996423	-2.26392469169257	2.34212453165383	-0.966611578972686	0.333738244004289	0.935507377393223
POLR3E	0.858849620275979	-2.26429498928191	2.112362687565	-1.07192529133908	0.283753589382428	0.935507377393223
SUPT16H	0.901157617663808	-2.26446640275734	2.23599074300596	-1.01273514205747	0.311186687445897	0.935507377393223
TANC2	0.886293165450437	-2.26554659517982	2.15730078802585	-1.05017650193	0.29363697098832	0.935507377393223
PHACTR2	0.907749445320926	-2.26858555231346	2.18812001225589	-1.03677382392505	0.299841277456261	0.935507377393223
SETD9	0.848046804516054	-2.26905266232981	2.08596474403598	-1.08777133880968	0.276696065315356	0.935507377393223
ABCB8	0.868823207013569	-2.26991029679422	2.11849764107201	-1.07147171315498	0.283957382931079	0.935507377393223
BRIX1	0.925041045312536	-2.27117619081591	2.1734817267988	-1.04494837145974	0.296046831773594	0.935507377393223
E2F6	0.898002898715451	-2.2727266316628	2.10653707438184	-1.07889230116196	0.280635741288696	0.935507377393223
IFNGR2	0.865910664614721	-2.27323930634759	2.12370418905426	-1.07041240397982	0.28443371844205	0.935507377393223
ARL2BP	0.893424629553781	-2.27330554309616	2.11741733915734	-1.07362186048824	0.282992195784102	0.935507377393223
NUCB1	0.857230468614434	-2.27408851925164	2.14647090635755	-1.05945462037995	0.289392785650606	0.935507377393223
ABHD4	0.890550345775604	-2.27714004706085	2.11844896453389	-1.07490908923636	0.282415432210148	0.935507377393223
TLN1	0.910499811819852	-2.27970863005883	2.16506406899726	-1.05295204086716	0.292362973083216	0.935507377393223
GON4L	0.899689620059805	-2.28058084881494	2.1187823726802	-1.07636389570774	0.28176454270905	0.935507377393223
CBY1	0.872591303366343	-2.28116813881193	2.19612555003251	-1.03872391939439	0.298933153478899	0.935507377393223
MAPKAPK5	0.891734256628671	-2.28211159844695	2.10263947501935	-1.08535563303164	0.277764174618263	0.935507377393223
ZC3H8	0.909763534532944	-2.28346993723941	2.15762059966572	-1.05832783464952	0.289906007245129	0.935507377393223
ELAVL1	0.896479061127242	-2.28986717286035	2.13117626550787	-1.07446165290071	0.282615822835042	0.935507377393223
MLX	0.852433855243037	-2.29026412264516	2.11355543769887	-1.0836073101251	0.278538948256489	0.935507377393223
MPHOSPH6	0.903202231639919	-2.29506567660355	2.13386008088832	-1.07554646959239	0.282130138890211	0.935507377393223
SMARCD1	0.91705640926648	-2.29619410996184	2.12816552572642	-1.07895465940229	0.280607940440381	0.935507377393223
CRYBB2P1	0.88021131504372	-2.29792481428857	2.10687552726033	-1.09067896254729	0.275414170688002	0.935507377393223
PDPK1	0.925483365930142	-2.29798254634116	2.13859698257764	-1.07452809718801	0.282586058738872	0.935507377393223
RNF25	0.884450377151588	-2.29803281365999	2.14957610933007	-1.06906324632357	0.285041171480571	0.935507377393223
CEP104	0.919920244942824	-2.29829978508993	2.15037229588761	-1.06879157134103	0.285163598143385	0.935507377393223
ESF1	0.942235436259071	-2.29941832543382	2.15277223881026	-1.06811964776386	0.285466544141273	0.935507377393223
RBM28	0.902187619742841	-2.29990353554973	2.14054154173196	-1.07444938148167	0.282621320119422	0.935507377393223
MLLT4	0.886682297765743	-2.30107532956124	2.11900738424311	-1.0859213359387	0.277513796504217	0.935507377393223
NXT1	0.89280090559292	-2.30272760154527	2.16423699736902	-1.06399049842721	0.287333003880369	0.935507377393223
DSP	0.901874319685823	-2.30296207227796	2.1706760809667	-1.06094229925469	0.288716124484919	0.935507377393223
R3HCC1	0.896331864443314	-2.30656320356846	2.11083784837896	-1.09272401257151	0.274514993471133	0.935507377393223
NBN	0.910874640009058	-2.3067488979754	2.15268250227042	-1.0715694931986	0.283913441793804	0.935507377393223
GPI	0.914752438092074	-2.30867455138729	2.20684274000137	-1.04614366467538	0.295494708016953	0.935507377393223
ASAH1	0.871922113281663	-2.3087487072321	2.16260863929474	-1.06757582730503	0.285711892336663	0.935507377393223
ATP2A2	0.892393695580796	-2.31084004056172	2.10468489327273	-1.09795059961134	0.272226061183071	0.935507377393223
ARFRP1	0.904408171296858	-2.31119683852735	2.12119282730731	-1.08957413431444	0.275900782092716	0.935507377393223
DLST	0.929627653832941	-2.31147652182879	2.12816389352793	-1.08613651836606	0.277418597888574	0.935507377393223
MDM4	1.02043108657668	-2.31236948623159	2.60170023001714	-0.888791667676623	0.374115054762348	0.935507377393223
HIPK2	0.928346124162329	-2.31302781250143	2.19787267111403	-1.05239390930187	0.292618861932374	0.935507377393223
SLC39A7	0.920140204388078	-2.31440337974749	2.17409335639109	-1.06453725776951	0.287085385544051	0.935507377393223
KPNA3	0.928719518894935	-2.31482725057675	2.1269674476426	-1.08832283876388	0.276452611520187	0.935507377393223
HUWE1	0.922340669721593	-2.31488939703523	2.13789207842957	-1.08279057693861	0.278901389052985	0.935507377393223
NSMCE2	0.931178356440391	-2.31550683164311	2.13283397792676	-1.08564794803856	0.277634777826192	0.935507377393223
UNK	0.858225307545908	-2.31569371257542	2.1426207050275	-1.08077631619158	0.279796626060111	0.935507377393223
NFE2L1	0.926754471346182	-2.31596527609452	2.1363829251084	-1.08405906491553	0.278338611247534	0.935507377393223
CCZ1B	0.895455717653113	-2.31607635351402	2.10451131627999	-1.10052929418693	0.27110157324365	0.935507377393223
OARD1	0.900865112975827	-2.31613417510802	2.12538692856374	-1.08974706863055	0.275824576078892	0.935507377393223
TFAP2C	0.9854162988461	-2.31794396869414	2.43525651253753	-0.951827438612968	0.341184504023755	0.935507377393223
AKAP13	0.941430499668574	-2.32022718327354	2.16363629371963	-1.07237394288885	0.283552106832676	0.935507377393223
PFKP	0.920480568819481	-2.32210051109201	2.24211300239612	-1.03567505679259	0.300353762817529	0.935507377393223
ZNF207	0.926077567453508	-2.32599663077314	2.14984557866135	-1.08193660691736	0.279280697329612	0.935507377393223
TUBD1	0.912792948997461	-2.32821931387472	2.16375492340553	-1.07600878856019	0.28192332590031	0.935507377393223
S100A16	4.67739134648949	-2.3285143143907	1.92192887283882	-1.21155072245277	0.225684407340002	0.935507377393223
MLLT11	18.7996869276462	-2.3330522589303	1.36548903988208	-1.70858365815354	0.0875280978586754	0.935507377393223
CDC40	0.931048787004613	-2.33478633337496	2.146887266859	-1.08752162696967	0.276806346003385	0.935507377393223
USP22	0.940923226707616	-2.33669394079664	2.14056407285636	-1.09162531989924	0.274997822289974	0.935507377393223
METTL23	0.918383633923666	-2.33804379858709	2.11183461137138	-1.10711501080514	0.268244206376214	0.935507377393223
RAD1	0.913203802511358	-2.33821965884717	2.08375394149762	-1.12211888951085	0.261811893361303	0.935507377393223
LSM2	0.922956801254254	-2.34040914357008	2.11761414980744	-1.10521038206271	0.269068439253762	0.935507377393223
RBM6	0.977663126456322	-2.34157306947903	2.17059953900037	-1.07876788297734	0.280691215586555	0.935507377393223
KPNA4	0.97111334406211	-2.34159353357144	2.15051460827933	-1.08885265161951	0.27621886884031	0.935507377393223
RP4-568C11.4	0.890736620126419	-2.3419038297677	2.21431534223237	-1.05761983629969	0.290228795352785	0.935507377393223
STRN4	0.917051116191618	-2.34361279685991	2.10953782124154	-1.1109603123781	0.266585432743273	0.935507377393223
YIF1A	4.87020675665859	-2.34392521566046	1.69861710856916	-1.37990204139347	0.167616807988004	0.935507377393223
CHCHD4	0.901523973325448	-2.34396087077958	2.10557656225822	-1.11321569245893	0.265615804617051	0.935507377393223
GOT2	0.892057828672629	-2.34420990443883	2.0982249721904	-1.11723477487337	0.263893955516276	0.935507377393223
SVIP	0.902356524732395	-2.34497721029609	2.21046785548534	-1.06085107932104	0.288757584571638	0.935507377393223
OCIAD1	0.938247424245582	-2.34539843959868	2.13347797690638	-1.09933098208007	0.271623723176085	0.935507377393223
CEP70	0.884598751228455	-2.34555277060447	2.12709694871741	-1.10270139403791	0.270156861206893	0.935507377393223
LYPLA2	0.90608456665684	-2.34604412296306	2.12339380651822	-1.10485587542045	0.269222044599558	0.935507377393223
NGLY1	0.952266108760999	-2.34784184041425	2.12728314124566	-1.10368093221453	0.269731569842601	0.935507377393223
SPATA2	0.910214650042927	-2.3481205332357	2.09344997217276	-1.12165113303311	0.262010801573732	0.935507377393223
MTA1	0.905949883046957	-2.35005651947122	2.10986247879618	-1.11384345808741	0.265346349593601	0.935507377393223
ZC3HAV1	0.972145769275539	-2.35126973840334	2.74236852093831	-0.857386496545273	0.391231319578054	0.935507377393223
HINT3	0.904364001880645	-2.35397574703918	2.12876487596277	-1.1057941502227	0.268815627554993	0.935507377393223
RBM11	0.902689612330042	-2.35618590889251	2.15367786929342	-1.09402893649343	0.273942287397632	0.935507377393223
PRPF18	0.930267694435158	-2.35663321599383	2.09455957336547	-1.12512112138557	0.260537712184626	0.935507377393223
SHMT2	0.891035001797505	-2.35717419481811	2.14702230112366	-1.09788062917859	0.272256617519098	0.935507377393223
TMX1	0.924375351334881	-2.3598028576431	2.10445058375366	-1.12133916370418	0.262143521068983	0.935507377393223
HNRNPR	0.980659399177333	-2.36176742639889	2.20522938323965	-1.07098492535469	0.284176207836761	0.935507377393223
AFG3L2	0.943500649562786	-2.36285185706208	2.15007671789588	-1.09896164978449	0.271784793989868	0.935507377393223
LYRM1	0.926785643313081	-2.3665958872158	2.12340158203914	-1.11453052839074	0.265051655176582	0.935507377393223
TRIM56	0.998300199368098	-2.36735965649013	2.2006205336557	-1.07576913887895	0.282030517545838	0.935507377393223
PITX1	0.938064963165046	-2.36740841852577	2.19760852094996	-1.07726576228527	0.281361553350734	0.935507377393223
WASL	0.98724587986321	-2.37027254846887	2.13670668921077	-1.1093111471207	0.267295977926256	0.935507377393223
CLCC1	0.936572235942596	-2.37146037960424	2.12211329018323	-1.11749942407622	0.263780845694963	0.935507377393223
GRWD1	0.956930359522134	-2.3736045890594	2.16040819820791	-1.09868338355147	0.271906192853083	0.935507377393223
UTP18	0.992493031294225	-2.3794063826071	2.19776894300534	-1.08264628553417	0.278965454421395	0.935507377393223
BIN1	0.894893089882866	-2.38039880509318	2.09464835483803	-1.13641929424342	0.255781124602949	0.935507377393223
RNF216	0.989042955480472	-2.38055056154494	2.17127994533245	-1.09638122281853	0.272911977766742	0.935507377393223
SCFD1	0.980335103222197	-2.38301087625662	2.1868295779713	-1.08971037352957	0.275840745106922	0.935507377393223
CTNNBL1	0.928544073734678	-2.38911765244707	2.10877792947705	-1.13293942384893	0.257239692728591	0.935507377393223
ZNF75A	0.999500179651844	-2.38917624451442	2.14027011828912	-1.1162965945739	0.264295198828355	0.935507377393223
LAD1	0.973376884844314	-2.39036019067828	2.24527733516582	-1.06461689753874	0.287049330021202	0.935507377393223
FBXW11	0.955642190441017	-2.3925819261847	2.10601877283115	-1.13606866047462	0.255927829893146	0.935507377393223
BATF	0.936478922133374	-2.39572203216504	2.51247920092658	-0.95352910037286	0.340322059133041	0.935507377393223
NDUFS2	0.950680024971078	-2.39576444417033	2.17919039618605	-1.09938280214676	0.271601128974159	0.935507377393223
C5orf38	0.951119028864215	-2.39750400183008	2.16443559936628	-1.1076809134594	0.267999645171997	0.935507377393223
PSMD9	0.947648525346331	-2.40007025192515	2.11983408191991	-1.13219721882735	0.257551529121013	0.935507377393223
WAPAL	1.03649959161188	-2.40161195965071	2.15235786308012	-1.11580513670431	0.264505554568954	0.935507377393223
UBXN6	0.970292609931978	-2.40873683235511	2.11158283140461	-1.14072571368315	0.253984082557044	0.935507377393223
PPP3CA	1.06598583159069	-2.40899329259368	2.4253434256422	-0.993258631798016	0.320583931888171	0.935507377393223
OSBPL2	0.990936286994876	-2.41213107526332	2.09515525930618	-1.1512898934574	0.249612993573602	0.935507377393223
SLC38A2	0.990413889844092	-2.41307821671224	2.15686206875385	-1.11879116039461	0.263229243683197	0.935507377393223
COPB2	0.995592204738828	-2.41647252488428	2.1936609129455	-1.10157067148523	0.270648364616127	0.935507377393223
CBX6	1.04205959957482	-2.41728512868488	2.34499510072583	-1.03082736843957	0.302621781543544	0.935507377393223
PPCS	0.972970767245045	-2.41747943975274	2.16400524949802	-1.11713196643747	0.263937904377653	0.935507377393223
RELL2	0.918793435340012	-2.41754395469442	2.14346820931808	-1.12786555181219	0.259376704093668	0.935507377393223
PPFIA1	1.03218807307015	-2.41832660981767	2.14656973564913	-1.12660053370516	0.259911413382566	0.935507377393223
STX17	1.02639827348322	-2.42037351593071	2.13512983359718	-1.13359547407614	0.256964272386079	0.935507377393223
MAP3K11	0.945837595493453	-2.42558011511358	2.12122647083234	-1.14348003311585	0.252839340150696	0.935507377393223
SERINC1	0.97939566128775	-2.42763569807466	2.11805584208682	-1.14616227289023	0.251728014940265	0.935507377393223
RAB17	0.961072371129168	-2.42987754375458	2.15936543419572	-1.12527389078061	0.260472990034366	0.935507377393223
DCUN1D1	1.00020239516488	-2.43224265374748	2.09208028923221	-1.16259527240233	0.244993749804859	0.935507377393223
DOHH	1.0025841837691	-2.43778045085996	2.13839118138291	-1.14000678270822	0.254283475354603	0.935507377393223
SCAMP3	0.969196322674743	-2.43823315360072	2.0927215531807	-1.16510156350943	0.243977884075853	0.935507377393223
STC2	0.985099429038094	-2.43987752751221	2.35969039665438	-1.03398205585424	0.301144552086775	0.935507377393223
PRKCSH	0.979565939372469	-2.44473785034486	2.10122988792639	-1.163479476659	0.244635020245845	0.935507377393223
DAAM1	1.07671612569789	-2.44578816782401	2.24968324046664	-1.08717001746286	0.276961678721359	0.935507377393223
RALB	1.02214613758461	-2.4463747256843	2.15979252207747	-1.13268969156869	0.257344588132671	0.935507377393223
PRRG4	0.994267857625104	-2.44773253331123	2.17811214777745	-1.1237862732683	0.261103706142377	0.935507377393223
OFD1	1.05218297979744	-2.45609959943869	2.15504029727905	-1.13970008010512	0.254411273788112	0.935507377393223
ADH5	0.999546734597993	-2.45615781107795	2.15528006638427	-1.13960030039086	0.254452860149743	0.935507377393223
LYSMD2	0.994688681898819	-2.45768849523236	2.14532641743258	-1.14560118929296	0.251960204960648	0.935507377393223
CHMP4C	1.01838387212507	-2.45897875385489	2.11482584938049	-1.16273344898599	0.244937666010584	0.935507377393223
ZBTB43	1.03024705211877	-2.45975414190847	2.16519359118365	-1.13604351681264	0.25593835225597	0.935507377393223
IFNAR1	0.951372070378954	-2.4607480634256	2.10175371870248	-1.1708070462912	0.241676344876738	0.935507377393223
MAVS	1.00690823965638	-2.46600185740347	2.1303912475976	-1.15753472991608	0.247053958531134	0.935507377393223
COMT	0.973038844091432	-2.46723960452681	2.17540003925571	-1.13415443596799	0.256729772818685	0.935507377393223
ZNF148	1.04416892168416	-2.47170518948701	2.13089179630526	-1.15993932388903	0.246073510812365	0.935507377393223
SEC14L1	0.96470691666475	-2.47379272994891	2.11423990787914	-1.17006245163088	0.241975837532418	0.935507377393223
FAHD1	1.00622407869138	-2.47509830111323	2.15878674075355	-1.14652283821665	0.251578883036779	0.935507377393223
NARF	0.963753412444532	-2.47560938297634	2.12769136941796	-1.16351902280525	0.244618984639526	0.935507377393223
PSME4	1.04660667424959	-2.4765225535334	2.12406171840808	-1.16593719102922	0.243639840803606	0.935507377393223
FARSA	1.03458853317899	-2.47748714547523	2.18583288017644	-1.13342935223632	0.257033993621921	0.935507377393223
CCNB1	0.997472448465197	-2.48022268056436	2.27936055381242	-1.08812213864804	0.276541191545845	0.935507377393223
TBK1	1.04177851064483	-2.48105109637413	2.12656306702296	-1.16669528162521	0.2433334489737	0.935507377393223
PKN1	1.01110455688206	-2.48372750542812	2.21532296299404	-1.12115819991832	0.262220528835265	0.935507377393223
CDC42SE2	1.03218574905524	-2.48612483138987	2.12848291236634	-1.16802668085596	0.242796002825672	0.935507377393223
EIF4G1	1.07337104022329	-2.48631966146061	2.16028625821369	-1.15092138924057	0.249764577388436	0.935507377393223
APTX	1.01591328336358	-2.48709115506603	2.1177986724454	-1.17437563231363	0.240244601183998	0.935507377393223
GPN1	1.03570595474595	-2.48719285440442	2.14455024984962	-1.15977364231909	0.246140978097102	0.935507377393223
KMT2E	1.07603076682869	-2.49703827250387	2.1539890056028	-1.15926231100008	0.246349279365161	0.935507377393223
RPL39P3	0.983971387550208	-2.49872536044555	2.07797314544863	-1.20248202721892	0.229176825389082	0.935507377393223
TRMT61A	1.04122331265414	-2.50002925947178	2.13363455233518	-1.17172327226122	0.24130817640019	0.935507377393223
CCDC43	1.01032908793714	-2.50155115178235	2.09346798021603	-1.19493165189191	0.232113735117453	0.935507377393223
ENOPH1	1.06759843158293	-2.5023451106229	2.1451618498573	-1.16650643903133	0.243409746742524	0.935507377393223
BBIP1	1.01103503491053	-2.50459141018831	2.12241802928352	-1.18006508408421	0.237974330256374	0.935507377393223
PNP	1.02769408964545	-2.50513474984021	2.1637969463905	-1.15774946166696	0.24696629283999	0.935507377393223
AKR1A1	1.03283627305934	-2.50520390661879	2.13646088435473	-1.17259526021017	0.240958151046739	0.935507377393223
ASB6	1.0174567667442	-2.50617827973896	2.08630975338214	-1.20124937137267	0.229654483124398	0.935507377393223
DUSP12	1.03256312891368	-2.50936407602607	2.10730009636831	-1.19079578668016	0.233733763339368	0.935507377393223
HNRNPF	1.08186730993624	-2.50937822596546	2.19415943891292	-1.14366266254959	0.252763563509493	0.935507377393223
WDR13	1.03294648286313	-2.51326660472187	2.12768512247579	-1.18122112063152	0.237514893054718	0.935507377393223
LPP	1.09088103095881	-2.51452161296885	2.17358242519532	-1.15685588171007	0.247331246263848	0.935507377393223
SMARCA4	1.06391833802163	-2.5162971226934	2.1180635863947	-1.18801774359218	0.2348264192075	0.935507377393223
ARIH1	1.04069357451434	-2.51642579508424	2.12223790127322	-1.18574161434707	0.235724355057398	0.935507377393223
RBSN	1.02819918497311	-2.51718754581454	2.10687992015078	-1.19474656421539	0.232186063602875	0.935507377393223
UBL4A	1.04509566565421	-2.51938582775706	2.17182846737882	-1.16002983918786	0.246036657503147	0.935507377393223
TM2D3	1.06901570963151	-2.5194492905165	2.13941661689112	-1.17763378606343	0.238942634468567	0.935507377393223
ZBTB7A	1.07227304737585	-2.51945160066892	2.13012551788059	-1.18277142803101	0.236899747076032	0.935507377393223
AGFG1	1.04557539084356	-2.51950974737829	2.13336432180733	-1.1810030390139	0.237601516036686	0.935507377393223
ZMYM5	1.05567386289846	-2.52219196577538	2.14804901045474	-1.17417803481189	0.240323722138344	0.935507377393223
RPL12P4	0.967028049597881	-2.52279068465096	2.10864750079531	-1.19640228331167	0.231539610737783	0.935507377393223
CHCHD7	1.03040720923888	-2.52661061451879	2.13049209592577	-1.18592818032535	0.235650663267538	0.935507377393223
HSBP1L1	1.01305080300669	-2.52667030605463	2.12635507686999	-1.188263584732	0.234729579696382	0.935507377393223
ARFGAP2	1.08280667673183	-2.5298398355733	2.18589975305015	-1.15734485629692	0.247131493876302	0.935507377393223
GGNBP2	1.07755793612627	-2.53570712615854	2.16405719073007	-1.17173757561513	0.241302431993667	0.935507377393223
FAM136A	5.56211174411575	-2.54208157294473	1.52098625384755	-1.67133763800571	0.0946550061241278	0.935507377393223
CHIC2	1.05097223734296	-2.54261949435054	2.12822501943366	-1.1947136562783	0.232198925027689	0.935507377393223
WTAP	1.13655893971991	-2.54325430027547	2.17439295475739	-1.16963876962122	0.24214636845104	0.935507377393223
RPA3	1.02997312450685	-2.54457093152647	2.20667079153055	-1.15312666542414	0.248858398199083	0.935507377393223
SETD8	1.13451228491642	-2.54815660902491	2.25586394737647	-1.12957016401116	0.258657388932942	0.935507377393223
MRPL24	1.04031723029159	-2.55199511610138	2.13355144574082	-1.19612541858126	0.231647619688128	0.935507377393223
PLEKHJ1	1.0226573916922	-2.55389460088837	2.12579209068984	-1.20138493885336	0.229601915694583	0.935507377393223
ZNF791	1.09467466818015	-2.55700858218984	2.10583134935391	-1.21425136109516	0.224651752912537	0.935507377393223
RSBN1L	1.06072570272295	-2.5587744134145	2.09474759009476	-1.22151920618691	0.221889498215538	0.935507377393223
SSRP1	1.10150725353643	-2.55943193569417	2.14571061922903	-1.19281319333443	0.232942541898989	0.935507377393223
CRELD2	1.02256113374711	-2.56206730342645	2.2048901268391	-1.1619931860729	0.245238232750475	0.935507377393223
RAB1B	1.01553132918987	-2.56501928385255	2.08114961926854	-1.2325011426877	0.217761940043716	0.935507377393223
B4GALT7	1.06081598049925	-2.57086995394236	2.11601240982407	-1.21495977150536	0.224381434946629	0.935507377393223
ESRRA	1.04881100898567	-2.57115020715888	2.13211884795209	-1.2059131739436	0.227850970481184	0.935507377393223
SHC1	1.02571181107836	-2.57415174575509	2.08933088280633	-1.23204599469547	0.217931903287647	0.935507377393223
FUCA2	1.08508239340928	-2.57622303964309	2.18777813537729	-1.17755223803753	0.238975160414852	0.935507377393223
PRPF38A	1.05850284216589	-2.577410018521	2.0940565493757	-1.23082159327999	0.218389597566707	0.935507377393223
TWF1	1.06666106411291	-2.57951260925479	2.09222715252569	-1.23290274965644	0.217612049468779	0.935507377393223
TESK1	1.04160509721047	-2.58085102449547	2.08394046997126	-1.23844757644687	0.215550148925542	0.935507377393223
MPST	1.04861168809582	-2.58104704551406	2.12041455868417	-1.21723699497505	0.223514058293278	0.935507377393223
PPP2R5C	1.10953630166608	-2.58258652812966	2.10946544551193	-1.22428482231095	0.22084480049925	0.935507377393223
NME3	1.02335598954338	-2.58656960975361	2.22650792556067	-1.1617158780615	0.245350893886216	0.935507377393223
TSTD1	1.04370689554145	-2.58846559709593	2.22952463950985	-1.16099438921877	0.245644181192417	0.935507377393223
DTWD1	1.10955200369069	-2.58872791793132	2.17738462106908	-1.18891623137316	0.234472632263855	0.935507377393223
EIF2AK4	1.10069379532693	-2.58945241669632	2.12827085959422	-1.21669307504874	0.223721014818225	0.935507377393223
ATF3	1.16394295717505	-2.5906047720021	2.59091157068219	-0.999881586587683	0.317367816414106	0.935507377393223
MRPL34	1.07638682548382	-2.59081682284969	2.09996023204277	-1.23374566018778	0.217297693756414	0.935507377393223
OSGIN2	1.08006126611606	-2.59092761251493	2.09823570867024	-1.23481246735474	0.216900306294623	0.935507377393223
YIPF5	1.12433704387942	-2.59141195434715	2.13524162987518	-1.21363873675441	0.224885708029938	0.935507377393223
MRPS18B	1.10112311498702	-2.59277716464274	2.13789973531024	-1.21276836411905	0.225218393886592	0.935507377393223
RNF6	1.11083029455953	-2.59302475355036	2.11771761279067	-1.2244431164424	0.220785112560024	0.935507377393223
KIN	1.12198702465161	-2.59470073011071	2.12596452000323	-1.22048167111781	0.222282333612488	0.935507377393223
PINK1	1.07846576390989	-2.59623159235887	2.13727118498943	-1.21474130685559	0.224464772723276	0.935507377393223
KLHL36	1.10964721496334	-2.59717764746604	2.08877670450048	-1.24339650182337	0.213721758735651	0.935507377393223
MTX2	1.13722986562945	-2.60148533655487	2.159867957558	-1.20446498937656	0.228409906133208	0.935507377393223
LARP4	1.16755957532796	-2.60297985025946	2.12920944315978	-1.22251000652928	0.221514822137189	0.935507377393223
SNX2	1.1438396962592	-2.60316346316102	2.14115633029907	-1.21577459166535	0.22407080031805	0.935507377393223
AEN	1.16844675546884	-2.60359299018027	2.19088535734431	-1.18837481908968	0.234685772561948	0.935507377393223
BOLA1	1.09540236596796	-2.60448657879936	2.17615423086257	-1.19682995895333	0.231372838565755	0.935507377393223
DCTN3	5.71080607055762	-2.60498334689451	1.53208947471548	-1.70028147173211	0.0890779938693182	0.935507377393223
MLF1	1.10848356590785	-2.61368070759028	2.17955427607567	-1.19918128962416	0.23045746092754	0.935507377393223
CS	1.07022270345277	-2.61462371306133	2.08353898021518	-1.25489551090198	0.209516693838628	0.935507377393223
UXS1	1.11992381779137	-2.61616216644918	2.19141929761078	-1.19382090378664	0.232548032867443	0.935507377393223
ANP32A	1.10329120359638	-2.61807495712265	2.13002674074607	-1.22912774146941	0.219023915474025	0.935507377393223
RGS19	1.11132741263406	-2.62239601171529	2.1406256149966	-1.22506055862527	0.220552404302203	0.935507377393223
ASAP2	1.15297810541504	-2.62285520743808	2.13052013746648	-1.23108679486929	0.218290403838752	0.935507377393223
JPX	1.13322930690828	-2.624565890318	2.15319437008487	-1.21891731038409	0.222875578819382	0.935507377393223
CTBP1	1.08649203111105	-2.63183259348216	2.10518401498489	-1.25016747930277	0.211238373854581	0.935507377393223
SULT1A1	1.08962215735049	-2.63185121171844	2.28889229183346	-1.149836198544	0.250211342949996	0.935507377393223
SH3BGR	1.17305573076002	-2.63294430542892	2.6148816511173	-1.00690763740834	0.313979161457514	0.935507377393223
SS18L2	1.11447998784083	-2.63389598883641	2.08954902582373	-1.26050930429742	0.207485693571966	0.935507377393223
FAM92A1	1.10548308525785	-2.63558819755394	2.13509512473181	-1.23441254069886	0.217049218335702	0.935507377393223
PNRC2	1.13723608037437	-2.63579050358002	2.12185947443288	-1.24220785369611	0.214159882731436	0.935507377393223
H1F0	1.10786664046225	-2.63885061950873	2.47988363236827	-1.06410259943877	0.287282223428642	0.935507377393223
CCDC58	1.12998979672161	-2.64036059946148	2.12354963947755	-1.24337126402709	0.213731054414296	0.935507377393223
HADHB	1.13507150766648	-2.64103355193321	2.16100806717613	-1.22213035298121	0.221658336405447	0.935507377393223
COMMD7	1.13192554888831	-2.64330850299102	2.12426704415064	-1.2443390816939	0.213374793085222	0.935507377393223
ST3GAL1	1.10356506620997	-2.64410409496019	2.29763975928866	-1.15079140856215	0.249818060141754	0.935507377393223
VEZT	1.18035381350935	-2.65150798708999	2.1299472296028	-1.24487027201348	0.213179439997536	0.935507377393223
ST20	1.0768557087175	-2.65159163764679	2.13811092485204	-1.24015625514391	0.214917604945201	0.935507377393223
ATG4A	1.12111766336488	-2.65360634165256	2.08588141306914	-1.27217507430016	0.203310921710425	0.935507377393223
OPTN	1.14620596149157	-2.65410673594187	2.31680709696018	-1.14558814129336	0.251965606316001	0.935507377393223
METTL21A	1.13246635960095	-2.65424179718496	2.13503143974986	-1.2431862818357	0.213799196645234	0.935507377393223
ANAPC13	1.15295246691761	-2.65693747271621	2.10085612387234	-1.26469273289352	0.205981496027174	0.935507377393223
OSBPL8	1.17921601656529	-2.65987217383369	2.12342020688986	-1.2526358019968	0.210338279239528	0.935507377393223
TOM1L1	1.14668086610141	-2.66223265277819	2.13359905285456	-1.24776613919863	0.212116712283581	0.935507377393223
SPSB1	1.10726553158968	-2.66265542633733	2.12264712276169	-1.25440323913711	0.209695475815587	0.935507377393223
C16orf72	1.13479191689221	-2.663664388551	2.09087435115181	-1.27394761291307	0.202681982769386	0.935507377393223
ATG4B	1.1666922803595	-2.66368356021859	2.11353045532368	-1.26030053340805	0.207560967647736	0.935507377393223
RRP1	1.17192384732726	-2.67062534355366	2.1480794119345	-1.24326192445026	0.213771330141874	0.935507377393223
PPP2R2D	1.1519143455863	-2.67135255225796	2.09896092442533	-1.27270237438524	0.20312367476512	0.935507377393223
STX3	1.21253998032642	-2.67551329828403	2.13739640397413	-1.25176279575907	0.210656310545479	0.935507377393223
WDR83	1.15410292773085	-2.67582802187953	2.14379546992353	-1.24817318602458	0.211967641277679	0.935507377393223
HES1	1.13212659122675	-2.67646335984105	2.54773089786732	-1.05052828070715	0.29347529551435	0.935507377393223
PRDX3	1.11289489898649	-2.67647245879475	2.082302062306	-1.28534303799841	0.198672436906983	0.935507377393223
NUDT16	1.12903632154662	-2.6768968713851	2.09869532216064	-1.27550523561905	0.202130472194287	0.935507377393223
KPNA6	1.20623800565636	-2.67856908943555	2.12868950920984	-1.25831835871161	0.20827664429522	0.935507377393223
HNRNPU	1.22262835956628	-2.67909614667433	2.20866715591192	-1.21299225168592	0.225132782925943	0.935507377393223
FASTK	1.18501552753174	-2.67955940505737	2.12437492599211	-1.26134015812015	0.207186318577535	0.935507377393223
ATP6V0E2	1.15590464014392	-2.68339338610553	2.16259205265139	-1.24082273529842	0.214671240499315	0.935507377393223
MOB4	1.23864616283059	-2.68742088876762	2.14918827442676	-1.25043530189761	0.211140575606157	0.935507377393223
CCDC186	1.21574355053357	-2.68865223265548	2.14264032173124	-1.25483134308005	0.209539991882577	0.935507377393223
SDC4	1.25222436133832	-2.6894466407593	2.30168109099224	-1.16847058060502	0.242616999396096	0.935507377393223
GGCT	1.19084089310154	-2.69026505130143	2.13012033938833	-1.26296388122089	0.206602160367441	0.935507377393223
SRGAP1	1.19802398930143	-2.69259740439315	2.15180233587015	-1.25132190792251	0.210817055669013	0.935507377393223
OS9	1.20266348834676	-2.69437712424019	2.19338227655797	-1.22841200689759	0.219292342836052	0.935507377393223
RNF5	1.10646622974857	-2.69461117001719	2.12525974099227	-1.26789733887261	0.204834614561359	0.935507377393223
MROH1	1.18905620337239	-2.69660120951939	2.15804331566286	-1.24955842635212	0.211460897900304	0.935507377393223
PQLC2	1.14110098981769	-2.69850115660807	2.16231350912837	-1.2479694296022	0.212042252648997	0.935507377393223
PMF1	1.19197745533712	-2.70409289856117	2.14450427927038	-1.26094077997419	0.207330184203696	0.935507377393223
HMOX1	1.21668384272897	-2.70802968246283	3.00025584397159	-0.902599585933336	0.366738446389237	0.935507377393223
S100A6	1.13002907717921	-2.71211238843808	2.67412992161477	-1.01420367294659	0.3104855763793	0.935507377393223
FYTTD1	1.22364702242824	-2.71222259464832	2.12844593824563	-1.27427365943993	0.20256644820024	0.935507377393223
HP1BP3	1.23462506127925	-2.72115029079311	2.14664038675194	-1.26763211369113	0.204929358148061	0.935507377393223
TWF2	1.17296585632181	-2.72508283447804	2.15613779493172	-1.26387230022297	0.206275865406623	0.935507377393223
ECH1	1.182143232124	-2.73143161099029	2.22301709997929	-1.22870472342104	0.219182534607803	0.935507377393223
CUX1	1.24462318445512	-2.73820814290525	2.11496904447907	-1.2946800096451	0.195430638762252	0.935507377393223
COMMD4	1.23754153030173	-2.74115572171914	2.14945770730239	-1.27527781189021	0.202210928303101	0.935507377393223
UNC45A	1.22110853602531	-2.74156383595492	2.13497250976394	-1.28412137552912	0.199099489919293	0.935507377393223
TSPAN3	1.20089489583841	-2.74169955094979	2.16067472036962	-1.26890897787742	0.204473529896756	0.935507377393223
NR2F2	1.15069020777059	-2.74380353329909	2.19610475278913	-1.24939556267267	0.211520430603588	0.935507377393223
SPTBN1	1.26627521643322	-2.74685294139757	2.18457498702828	-1.25738551329573	0.208614072386289	0.935507377393223
ARID5B	1.18881526671909	-2.75186707405237	2.30096124387576	-1.19596411342292	0.231710563664768	0.935507377393223
LSM14A	1.24902633804766	-2.75208394160226	2.11417109985206	-1.301731890004	0.193008054076538	0.935507377393223
RAP1A	1.20734390499686	-2.7547955997891	2.10877803385864	-1.30634687746077	0.191434622326644	0.935507377393223
RPF1	1.23287323434529	-2.75543330385793	2.13360477443903	-1.29144504027575	0.196549401138424	0.935507377393223
CBX1	1.25443475152289	-2.75650804987967	2.18023333963739	-1.26431790568716	0.206115945294913	0.935507377393223
GPAA1	1.21204962989707	-2.75997150869013	2.1218892435554	-1.30071421827162	0.193356293638987	0.935507377393223
TNFRSF1A	1.26608786196053	-2.76263020069798	2.15728061778316	-1.28060771414007	0.2003314890882	0.935507377393223
CD59	1.22355782883209	-2.76364926943207	2.35708865311388	-1.17248422785503	0.241002700753359	0.935507377393223
AAGAB	1.26934934972284	-2.77029848044371	2.11626988121142	-1.30904782279371	0.190518151901465	0.935507377393223
DYNC1I2	1.27336413224751	-2.77207222676779	2.14608027744404	-1.29169083556804	0.196464232453002	0.935507377393223
LTBR	1.24261898191756	-2.7724096323553	2.09962123236852	-1.32043322367617	0.186690417182947	0.935507377393223
ELP5	1.17644185997831	-2.77350743571037	2.08120433039587	-1.33264542803581	0.182648189746426	0.935507377393223
VPS26A	1.26128762614456	-2.7753440997812	2.13810912056369	-1.29803669657866	0.194274725271042	0.935507377393223
VPS51	1.20898643567249	-2.77675492917058	2.10450683838688	-1.31943259984795	0.187024529142568	0.935507377393223
PRSS22	1.20385445183032	-2.77904240976424	2.23259741070417	-1.24475751715923	0.21322089646344	0.935507377393223
NUCB2	1.22385328185558	-2.7796089307247	2.16510587690424	-1.28382124882461	0.199204506916833	0.935507377393223
PRKAR2A	1.29171805938599	-2.7796455007534	2.12144980611344	-1.31025749124171	0.190108742662086	0.935507377393223
ARMCX3	1.26637117789715	-2.78606269901041	2.1379122172159	-1.30316982922646	0.192516788014673	0.935507377393223
RELA	1.27818077548201	-2.79124448713604	2.11781516326649	-1.31798304948901	0.187509322260355	0.935507377393223
PWP1	1.28632693585355	-2.79325175447689	2.15118569428382	-1.298470774466	0.194125612741345	0.935507377393223
CAPN2	1.24018942793531	-2.79646014455591	2.18860976340338	-1.27773356005106	0.20134338782965	0.935507377393223
PDLIM1	1.21497013183581	-2.79772986375219	2.22299641109752	-1.25853998224447	0.208196537009766	0.935507377393223
WHSC1L1	1.24275579582411	-2.80859717768129	2.11478196838472	-1.32807883728388	0.184152063880609	0.935507377393223
HDAC2	1.29779864980842	-2.80876593639508	2.18417425448565	-1.28596238630078	0.198456189098913	0.935507377393223
WSB2	1.25252836206314	-2.81167495627788	2.12612852792908	-1.32243884569695	0.186022060690867	0.935507377393223
ZC3H14	1.31573025742317	-2.81388966363946	2.13726705280204	-1.31658309145333	0.187978409566132	0.935507377393223
C15orf61	1.26989677194662	-2.81822462210889	2.11260934670272	-1.33400177676364	0.182203274235093	0.935507377393223
CLINT1	1.35170662263118	-2.81871982772778	2.20293175054022	-1.27953116433886	0.200710072480392	0.935507377393223
TCEB3	1.31557106150321	-2.82177050214739	2.14246531935914	-1.31706706131955	0.18781614677985	0.935507377393223
WDR73	1.34165715838247	-2.82321775583377	2.13170160570539	-1.32439631713818	0.185371457083778	0.935507377393223
KIAA1143	1.28460760311357	-2.82687898100792	2.12624152214784	-1.32951922515008	0.183676727373757	0.935507377393223
NUBP2	1.2803035532563	-2.83146724474684	2.12104204087044	-1.33494159483272	0.181895462714663	0.935507377393223
RRP15	1.37141985944562	-2.83268496425093	2.17017314091381	-1.30528062984788	0.191797307352834	0.935507377393223
PPP1CC	1.25619101830106	-2.83437205802532	2.09533912786011	-1.35270325473278	0.176150450247874	0.935507377393223
RNF220	1.26807031090821	-2.84147259894909	2.10972299759919	-1.34684629317812	0.178029741693158	0.935507377393223
ISCA2	1.28461158511867	-2.84202009705897	2.0890135111428	-1.36046037131863	0.173684285185868	0.935507377393223
SDSL	1.27308709846841	-2.84453165474389	2.20778313447332	-1.28841080916332	0.197602998037999	0.935507377393223
PRPF38B	1.41277208912519	-2.84674713673476	2.22559361048734	-1.27909566388062	0.200863370381618	0.935507377393223
RNF13	1.31959992500897	-2.84957747356786	2.16184387041841	-1.31812362241328	0.187462267937589	0.935507377393223
CD55	1.30036555125571	-2.85641667080321	2.18603130700497	-1.30666777811006	0.191325566543524	0.935507377393223
PRADC1	1.28030906818152	-2.85800680238453	2.13932993589138	-1.33593549757611	0.181570357137478	0.935507377393223
TADA3	1.35639196879238	-2.86199234379601	2.11458312159874	-1.35345464293321	0.175910430842553	0.935507377393223
AMD1	1.34998655517227	-2.86398067683888	2.11598623702604	-1.35349683600217	0.175896960151075	0.935507377393223
TMEM115	1.31238801470894	-2.87060028690147	2.1205487946725	-1.35370631136305	0.175830093780283	0.935507377393223
GRSF1	1.36394429521514	-2.87066725822384	2.1426355688359	-1.33978325571412	0.180315820921009	0.935507377393223
HMBS	1.28411554702209	-2.87283747924273	2.09172074030586	-1.37343261167007	0.169617897338441	0.935507377393223
NSUN5	1.33261412144848	-2.87377694981799	2.14272423733022	-1.34117909330163	0.17986231253657	0.935507377393223
TES	1.36682290843772	-2.87664376043865	2.15608301747708	-1.33419897894503	0.182138654087561	0.935507377393223
ALG5	1.35351334002283	-2.87905675921685	2.11035832382046	-1.36425019709676	0.172488834510319	0.935507377393223
SAP30L	1.27390869507855	-2.88056775029366	2.12179548472682	-1.35760857774873	0.174587919700775	0.935507377393223
ZKSCAN1	1.35992318577363	-2.88114019390838	2.1236467714953	-1.35669464083225	0.174878256022547	0.935507377393223
GAN	1.43383352177826	-2.88139173708747	2.34011733946052	-1.2313022464727	0.218209842007419	0.935507377393223
LYPLA1	1.35418214507961	-2.88552941453479	2.11935590941694	-1.36151243012724	0.173351808084838	0.935507377393223
PEA15	1.36352524346012	-2.88899079038871	2.15770921580648	-1.33891572099946	0.180598111136358	0.935507377393223
TMEM259	1.31228213224458	-2.88968072569362	2.08469801854226	-1.38613875966278	0.165704536993428	0.935507377393223
DNAJC3	1.4098029523834	-2.89914447629465	2.22925849748919	-1.3004972189452	0.193430608822171	0.935507377393223
METTL2A	1.41261557297075	-2.90162334959334	2.12880357786723	-1.36303009810814	0.172873025096345	0.935507377393223
SUPT5H	1.36205448946284	-2.90233012879334	2.09889203406716	-1.38279153081033	0.166728796584522	0.935507377393223
TOR1AIP2	1.46568576160935	-2.90535768112051	2.36906560316574	-1.22637282700746	0.220058406787572	0.935507377393223
CDKN3	1.29868540850988	-2.91741838707249	2.15599834123248	-1.35316355828212	0.176003384402355	0.935507377393223
VGLL4	1.38580668988018	-2.92103209815469	2.11040952763674	-1.38410676217222	0.166325766660439	0.935507377393223
ANAPC5	1.3775882436476	-2.92557142459172	2.12376878389467	-1.37753763346434	0.168346087870278	0.935507377393223
MAP4	1.41958968682303	-2.92970360799445	2.11033164984207	-1.38826691445096	0.165055783024131	0.935507377393223
METTL22	1.3678381178755	-2.93639632219289	2.10861247115634	-1.39257277587029	0.163749020254417	0.935507377393223
MKNK1	1.36057998746644	-2.93916325626619	2.11543414813056	-1.38939009699903	0.164714159992486	0.935507377393223
ARF5	1.35140374729174	-2.94239640904499	2.08727143606001	-1.40968556279348	0.158632549567836	0.935507377393223
PNPLA8	1.46784102283751	-2.9494377187814	2.16764742048127	-1.36066303537803	0.173620201212776	0.935507377393223
ELF3	1.40522824413534	-2.95065907813764	2.30528504406462	-1.27995411488686	0.20056127394126	0.935507377393223
FAM127B	1.39831122791768	-2.95335800317845	2.12286517608843	-1.39121317568564	0.164160793014986	0.935507377393223
TARS	1.45571307539451	-2.95427695294326	2.16459162691151	-1.3648195420392	0.172309775139744	0.935507377393223
VASP	1.42998351257064	-2.95975319569721	2.14614489942733	-1.37910222021215	0.167863239419474	0.935507377393223
FAM45A	1.43855005640573	-2.96442839236166	2.10377445307577	-1.4090999099393	0.158805627494084	0.935507377393223
THOC2	1.46688758995826	-2.97058058243272	2.1272519404521	-1.39644041495216	0.162581911922587	0.935507377393223
ADAR	1.43907204923577	-2.9714961663554	2.10505570276838	-1.41159977973388	0.158067837303322	0.935507377393223
XIST	1.47696872141239	-2.97338123117696	2.27904659156339	-1.30466013384012	0.192008602082229	0.935507377393223
EIF4E	1.45253979341931	-2.97591657464701	2.10264227024841	-1.41532233835261	0.156974008315636	0.935507377393223
TCEAL3	1.45076707115557	-2.98796677985751	2.15186895170359	-1.38854495646308	0.164971165164207	0.935507377393223
MAP7D1	1.43314819308658	-2.98885468133529	2.14527813185433	-1.39322479307231	0.163551824660802	0.935507377393223
SPG7	1.50339455115667	-2.99978449595713	2.13890760927435	-1.40248437237307	0.160770653961257	0.935507377393223
YTHDC1	1.49921307817192	-3.00293568371352	2.12958336576655	-1.41010478011158	0.158508746034344	0.935507377393223
TJP1	1.50977576546362	-3.00846345649602	2.17972364317232	-1.38020407583301	0.167523819427747	0.935507377393223
DNTTIP2	1.53525752102663	-3.01466295189507	2.15632619087853	-1.39805515726118	0.162096504432042	0.935507377393223
DEXI	1.44777865186753	-3.01660153745889	2.11078298090477	-1.42913864890357	0.152964386961005	0.935507377393223
BAZ2A	1.51576341567041	-3.01944044623112	2.14380392231644	-1.40844991223289	0.158997888551762	0.935507377393223
TSPYL1	1.56186081774545	-3.02108460266177	2.5417747552027	-1.18857290421898	0.234607775553525	0.935507377393223
FAM217B	1.50298506392316	-3.02507123298304	2.14256820651603	-1.41189028371798	0.15798226908573	0.935507377393223
HIST1H4C	1.43482400978994	-3.0264253794602	2.69618904512701	-1.12248263337841	0.261657287490649	0.935507377393223
SCAF11	1.53790939024626	-3.02953348361463	2.12042090288396	-1.42874156706067	0.153078525863649	0.935507377393223
OSBPL1A	1.53798663871567	-3.03233947307144	2.18769109230924	-1.38609124648884	0.165719042934074	0.935507377393223
GINM1	1.47414076848509	-3.03419770067443	2.12605993755144	-1.4271458894846	0.153537847569895	0.935507377393223
SNX17	1.48611633216857	-3.03501857883644	2.1084957872014	-1.43942359157606	0.150030544188985	0.935507377393223
PRKRA	1.44798650121117	-3.04194144564557	2.08896630225769	-1.4561945984279	0.1453388323268	0.935507377393223
STK25	1.47219085503975	-3.04199494304704	2.09800216755585	-1.44994842717009	0.147072901414814	0.935507377393223
PCYT1A	1.5540961988259	-3.04268595912727	2.12331632823517	-1.43298759523799	0.151861382377218	0.935507377393223
ADPGK	1.54216421215122	-3.04643210190634	2.11850344845614	-1.43801139626487	0.150430820647023	0.935507377393223
EWSR1	1.55826722577345	-3.0524226759994	2.17012542679694	-1.40656509449074	0.159556389609982	0.935507377393223
SNRPA	1.42521709445939	-3.06449495147446	2.12398437868915	-1.44280484462214	0.149075454062818	0.935507377393223
CNOT4	1.59859455685486	-3.06937517267012	2.10645446471983	-1.4571286605421	0.145080868317548	0.935507377393223
SVIL	1.52929948100824	-3.06996572252248	2.1711396958181	-1.41398811344827	0.15736539256946	0.935507377393223
RRP7A	1.51054864209912	-3.0718198484142	2.1052054990219	-1.45915439126555	0.144522618674856	0.935507377393223
TRIM27	1.58867886929655	-3.08359312952925	2.14821023218073	-1.43542428172822	0.151166230763215	0.935507377393223
CDYL	1.5453900258582	-3.08903162677888	2.10175522310411	-1.4697390032968	0.141632454879685	0.935507377393223
RP11-466H18.1	1.43380887160428	-3.08930475597975	2.0773848880084	-1.48711236603896	0.136985136023821	0.935507377393223
MRPL2	1.56459787128681	-3.09068322772756	2.11527260599702	-1.4611276196577	0.143980421779395	0.935507377393223
SFXN1	1.53416310758127	-3.09108702364563	2.10706295120881	-1.46701218483875	0.142372740711999	0.935507377393223
SLC38A1	1.53983913052483	-3.09470490723732	2.10561825412309	-1.46973692936858	0.141633016790744	0.935507377393223
PREB	1.51535374086152	-3.09705357047086	2.10741924687819	-1.46959537123838	0.141671374663684	0.935507377393223
SNAPC5	1.54663827311022	-3.10227486437852	2.16213169462818	-1.43482234319312	0.151337729266832	0.935507377393223
CCNK	1.54453935685087	-3.10394550123257	2.08072227565205	-1.49176347922736	0.135761161133766	0.935507377393223
XRCC5	1.58863838681874	-3.11056408701756	2.1871434437292	-1.42220396926224	0.154967046834535	0.935507377393223
CHORDC1	1.64033019175186	-3.11126487336332	2.28795221934551	-1.35984696142532	0.173878357926947	0.935507377393223
IER3IP1.1	1.56343696904015	-3.11215635888816	2.09550244675618	-1.48515997378374	0.137501452125856	0.935507377393223
SRSF10	1.61792694478644	-3.12143788664987	2.11915810909875	-1.47296130158848	0.140761470837971	0.935507377393223
DDX10	1.5011751223781	-3.12453590032497	2.37975021991724	-1.31296800570676	0.189193729360666	0.935507377393223
CCDC50	1.61513638581853	-3.12741432555914	2.16999447697102	-1.44120842644933	0.149525808517708	0.935507377393223
RARS	1.64852657574231	-3.12874917642541	2.14269779233102	-1.46019153406681	0.144237441394294	0.935507377393223
UBE2E3	1.5920083074806	-3.1324441236437	2.12122872075796	-1.47671210227834	0.139752826669047	0.935507377393223
GOLGA4	1.64847774809647	-3.13378750674697	2.17419139372872	-1.44135770005627	0.149483654031024	0.935507377393223
SNX24	1.57431091135017	-3.16334100397005	2.14350314895349	-1.47578089890583	0.140002720093146	0.935507377393223
HIPK1	1.60794625783588	-3.1647827228131	2.09489828438057	-1.5107094919164	0.130862482990235	0.935507377393223
PGLS	1.59765024933046	-3.17452220166706	2.10885215828897	-1.5053317935017	0.132238795091976	0.935507377393223
AGTRAP	1.58848686973064	-3.18348980151793	2.12071231193313	-1.50114175487387	0.133318901024687	0.935507377393223
PPP2R2A	1.72095829346236	-3.18503393259258	2.18197464536708	-1.45970254024503	0.1443718434654	0.935507377393223
IQGAP1	1.67584599532994	-3.19194054189852	2.11580156682965	-1.50861999156252	0.131395922305033	0.935507377393223
SETD5	1.83645634844839	-3.19822916577637	2.21717321620972	-1.44248051635937	0.149166864152238	0.935507377393223
CTSL	1.67251080383596	-3.20292173933752	2.25982314053492	-1.41733292392933	0.156385613529406	0.935507377393223
RBMX	1.70533109140491	-3.20779221829181	2.16254274850211	-1.48334280120645	0.137983356049366	0.935507377393223
ACOT7	1.62355136409007	-3.20961705237888	2.14809975922069	-1.49416573350546	0.135132306487517	0.935507377393223
TXNL1	1.73153378154376	-3.21060650645933	2.19829792411233	-1.46049653745444	0.144153658472973	0.935507377393223
DGCR6L	1.65605975563507	-3.21614543501067	2.12881557005765	-1.51076752737372	0.130847690829178	0.935507377393223
FAM96A	1.71738594295872	-3.22216094586333	2.08201102572556	-1.54761953997839	0.121713924082179	0.935507377393223
TMUB1	1.65343329500716	-3.22245191455727	2.11484498293203	-1.52372960692828	0.127576270334506	0.935507377393223
ACTR2	1.72074966823239	-3.23189636426427	2.12271205687813	-1.52253168478132	0.127875912516118	0.935507377393223
PEX16	1.66650875019203	-3.23306956789486	2.10792916290426	-1.53376575683426	0.125087290089152	0.935507377393223
ATP6AP1	1.67938626652248	-3.2363735199796	2.10660034708669	-1.53630161717922	0.12446442306871	0.935507377393223
CISD2	1.67102061382627	-3.23747814441909	2.08919445573352	-1.54962987554091	0.121230378022345	0.935507377393223
RIOK3	1.73357854262482	-3.24051270589755	2.12360419199617	-1.52594947688981	0.127022447411319	0.935507377393223
IRAK1	1.71348571110362	-3.24584105684316	2.10721874301449	-1.54034367224724	0.123476603735629	0.935507377393223
FBXO7	1.75388514834437	-3.24827625643812	2.08641460030753	-1.55686997970554	0.119501358223879	0.935507377393223
CTNNA1	1.74621509402279	-3.25317523275325	2.14599713788291	-1.51592710694974	0.129537785160514	0.935507377393223
PPP2R1A	1.69528972210692	-3.25354032193663	2.10843445842042	-1.54310716605063	0.122804776323441	0.935507377393223
TYW3	1.75620953109142	-3.25906477110534	2.13812933061692	-1.52425988663885	0.127443803369735	0.935507377393223
FAM173A	1.69094706309816	-3.25960053028851	2.19001412818213	-1.48839246667062	0.136647422127541	0.935507377393223
GTPBP6	1.75917800933539	-3.26037665694151	2.14051264368948	-1.52317561241861	0.127714775762152	0.935507377393223
IP6K2	1.69790823574679	-3.2605165099117	2.10265414843469	-1.55066705208699	0.120981494247205	0.935507377393223
RBMS1	1.75075378884495	-3.26297921547197	2.12193053416091	-1.53774082748768	0.124111996779687	0.935507377393223
SEPT2	1.76904250569156	-3.26325535329438	2.09847280993615	-1.55506201359534	0.119931300752742	0.935507377393223
TCEA2	1.74279495698231	-3.26539653968532	2.16894673468451	-1.50552177583112	0.132189982670835	0.935507377393223
HNRNPH3	1.79811382197527	-3.27781813017001	2.105956167814	-1.55645125965391	0.119600824144325	0.935507377393223
SNHG17	1.79423477365107	-3.2843388176839	2.34409720281276	-1.40111033524673	0.161181081463857	0.935507377393223
ANXA3	1.75029285520099	-3.28788053969574	2.37157298832439	-1.38637122107667	0.165633579469054	0.935507377393223
PNKD	1.62240362384767	-3.28834224058151	2.12558509463381	-1.5470292151009	0.121856201006264	0.935507377393223
EIF2S3	1.83647554026439	-3.29225497850859	2.20933353389958	-1.49015751944777	0.136182823124741	0.935507377393223
REXO2	1.72811527773106	-3.29753368669339	2.16167878767521	-1.5254503608465	0.127146805741817	0.935507377393223
POLR3K	1.74119792422579	-3.29904513052455	2.10793842996346	-1.5650576333872	0.117569396297968	0.935507377393223
HEXA	1.80736985045952	-3.29961506901383	2.1323249544154	-1.5474259972343	0.121760556393537	0.935507377393223
TBRG1	1.81562822143118	-3.30359167850937	2.11392140398106	-1.56277885842296	0.118104618558794	0.935507377393223
PTPMT1	1.75551344658419	-3.30441498845897	2.10983735424633	-1.566194181655	0.117303164434236	0.935507377393223
TP53RK	1.77941607846117	-3.3091280600034	2.09145000537618	-1.58221714671501	0.113600007313064	0.935507377393223
PTPN1	1.84940485230611	-3.31035056743186	2.12871446190521	-1.55509375572573	0.11992374189666	0.935507377393223
IDS	1.84903825614161	-3.32527879128113	2.14749940313539	-1.5484422423709	0.12151585747203	0.935507377393223
SNRNP27	1.82112856781269	-3.33115933270097	2.09494318411325	-1.59009531044203	0.111813322891259	0.935507377393223
DPP7	1.80314158733129	-3.33794055174864	2.17561397066048	-1.53425221420843	0.12496761671408	0.935507377393223
P4HA2	1.84881425760047	-3.34010421481605	2.23513312688049	-1.49436477614992	0.135080302862966	0.935507377393223
H1FX	1.8485206215625	-3.34941650922571	2.45623630304801	-1.36363773512725	0.17268160955536	0.935507377393223
OXA1L	1.73060440421034	-3.35039300964187	2.07725392630676	-1.61289525907826	0.106767265374163	0.935507377393223
BFAR	1.84760042633932	-3.35819664265678	2.10344195382627	-1.59652451380845	0.110371737179287	0.935507377393223
SPTSSA	1.91110977253423	-3.36131239844966	2.14212127013598	-1.56915131057743	0.116612686250859	0.935507377393223
SRP9	1.85364696642518	-3.37079651561029	2.10243108759619	-1.6032851376186	0.108871716255215	0.935507377393223
RAB32	1.85355391756039	-3.37471613342138	2.21924589247946	-1.52065895215017	0.128345444597016	0.935507377393223
C1orf56	2.00523172692098	-3.37566870976638	2.8456344037071	-1.18626226382728	0.235518744190897	0.935507377393223
CCDC90B	1.90081805979316	-3.38207809970128	2.10697552012041	-1.60518148758937	0.108453870285117	0.935507377393223
YTHDF1	1.90257640959055	-3.38276125170005	2.07995179758013	-1.62636521463412	0.103871986148372	0.935507377393223
MAPK1IP1L	1.92478216273863	-3.38488662730315	2.12806903546768	-1.59059061096637	0.111701738855063	0.935507377393223
TRAF4	1.83487994204136	-3.38748061080227	2.12352753301042	-1.59521388733774	0.110664414301431	0.935507377393223
TBX2-AS1	1.80506517254134	-3.39030111878986	2.29965578895643	-1.47426459867211	0.140410362890889	0.935507377393223
CD164	1.89154817719524	-3.39057983807421	2.12061700493044	-1.59886477859562	0.109850651609721	0.935507377393223
ARRDC1	1.86742065515217	-3.39116164529029	2.16060943136233	-1.56953940682933	0.116522304750006	0.935507377393223
COPS3	1.91236965567043	-3.39386369853917	2.12767494305419	-1.59510441649861	0.110688888036208	0.935507377393223
AP3D1	1.93588480516518	-3.39845273985972	2.11340754553123	-1.60804419717612	0.10782549935957	0.935507377393223
FAM49B	1.92687290083818	-3.40776480497766	2.10492819379564	-1.61894586951811	0.105458910356903	0.935507377393223
IER5	1.97993844230043	-3.41670944066134	2.26766339019698	-1.50670926533084	0.131885195590748	0.935507377393223
ZPR1	1.95563528487267	-3.42896499976758	2.09552611376077	-1.636326542175	0.101771263973594	0.935507377393223
HSPA6	1.89399525622568	-3.43496716887381	3.69065057872542	-0.930721317448612	0.351997739650539	0.935507377393223
RFK	1.95765386806958	-3.43695479642164	2.09893646485012	-1.63747443239882	0.101531376948107	0.935507377393223
EGLN2	1.92158105326372	-3.43951134251975	2.08549578229855	-1.64925355961586	0.0990956994466785	0.935507377393223
BMP7	1.90630603498447	-3.44091429357017	2.28842587130023	-1.50361623538853	0.132680208341006	0.935507377393223
IGBP1	1.82577546715374	-3.44181180667025	2.11533669863169	-1.62707516439184	0.103721134996991	0.935507377393223
UBE2J2	1.91740595316477	-3.44288666864344	2.08918708801614	-1.64795517280014	0.099361870311571	0.935507377393223
TUBB2A	1.92759641192468	-3.4514370882957	2.266188278835	-1.52301427049566	0.127755135205632	0.935507377393223
RPL7L1	2.05012083300386	-3.46143846501791	2.12543214388801	-1.62858102761444	0.103401743302887	0.935507377393223
C6orf1	1.91833750116784	-3.46518267302946	2.09585502294034	-1.65335036779789	0.0982595777065879	0.935507377393223
SEP15	1.97712956389244	-3.46745265916872	2.09424238881284	-1.6557074184399	0.0977810842629128	0.935507377393223
ATP6V0D1	2.03262923976663	-3.48687098838275	2.1163304322531	-1.64760234755522	0.0994342983946836	0.935507377393223
DCXR	1.93863124734774	-3.48840527896447	2.11041619879481	-1.65294659932794	0.0983417321000707	0.935507377393223
FTH1P10	2.03264575330592	-3.49414998037445	2.19291115025335	-1.59338420070999	0.11107402784193	0.935507377393223
SNW1	2.10761562076531	-3.49590449980212	2.1434686327074	-1.63095668695953	0.102899459115602	0.935507377393223
SDHC	2.06853617011488	-3.49695169111822	2.13293333689904	-1.63950350937937	0.101108440400668	0.935507377393223
LRIF1	2.09854725846145	-3.4987149197736	2.15162120645954	-1.6260831178229	0.103931974862557	0.935507377393223
AP2B1	1.97691347141737	-3.50117579882886	2.11239838204266	-1.65744105306655	0.0974303372543129	0.935507377393223
UBE2H	2.07336724357261	-3.50330132652865	2.12383571773599	-1.64951615479147	0.0990419363638538	0.935507377393223
ATMIN	2.06114252596764	-3.50756561185462	2.09182605319039	-1.6767960254176	0.0935823752336158	0.935507377393223
CWC15	2.01998723137356	-3.51605397825856	2.08813145842687	-1.68382788548545	0.0922149363924607	0.935507377393223
KLC1	2.11565512646903	-3.52290078903916	2.15980707227262	-1.63111827638024	0.102865364969741	0.935507377393223
TNNT1	2.05681679203062	-3.52430782577205	2.17464208429221	-1.6206381046466	0.1050952751102	0.935507377393223
TMEM54	2.03956703477224	-3.5298855376383	2.09678231716472	-1.68347734943293	0.0922827205938567	0.935507377393223
MRPL10	2.0732957302107	-3.53281626236887	2.09665365706017	-1.68497846579126	0.0919927262709597	0.935507377393223
CLNS1A	2.08519583187244	-3.53403988017615	2.09499072955138	-1.68690000882864	0.0916225803968058	0.935507377393223
MPHOSPH10	2.13277105752327	-3.53470262186487	2.14255301741011	-1.64976203302431	0.098991616973016	0.935507377393223
MGST3	2.0947912846892	-3.53832109797812	2.19878182439955	-1.60921882231057	0.107568502102303	0.935507377393223
TDP2	2.07812450864076	-3.56317476464793	2.14903474580654	-1.65803497202678	0.0973104077755087	0.935507377393223
TIMM9	2.10482002376351	-3.5654663167672	2.11788306353803	-1.68350480635646	0.0922774097225911	0.935507377393223
HINT2	2.0740763034507	-3.57322866794673	2.1282443697813	-1.67895600650123	0.0931606180387498	0.935507377393223
KIAA1191	2.13958003477949	-3.57632727825425	2.09212797496041	-1.70942089635885	0.0873730129234904	0.935507377393223
ARHGDIA	2.15717589337822	-3.59154815716836	2.15654238391394	-1.66541969402428	0.0958290530029219	0.935507377393223
ZFAND1	2.12930517660276	-3.60655356819596	2.07838371960401	-1.73526838868961	0.0826932781337383	0.935507377393223
FIBP	2.18324385639399	-3.60973324953063	2.2105935765039	-1.63292487949753	0.10248479681188	0.935507377393223
NUDT14	2.12842842332903	-3.61516593453909	2.11899429337369	-1.70607629564841	0.087993875338448	0.935507377393223
TIMP1	2.152507933918	-3.62159891202044	2.2782099206526	-1.58966866011321	0.111909511512761	0.935507377393223
MAPK6	2.31389581030697	-3.62614548143591	2.1244909920219	-1.70683024548147	0.0878536089847195	0.935507377393223
ISG20	2.25599066226098	-3.62717489662852	2.3795375876049	-1.52431922719885	0.127428986411182	0.935507377393223
PDZD11	2.15096860662897	-3.6318865837385	2.08963024598069	-1.73805226581318	0.0822016047528492	0.935507377393223
MRPS26	2.17292820773893	-3.63786325168878	2.09148745639907	-1.73936651666662	0.08197031397247	0.935507377393223
SF3B4	2.29145895276108	-3.63897691266855	2.1424069491259	-1.69854607414957	0.0894047444464464	0.935507377393223
PIN1	2.14369298927389	-3.64363277421577	2.10155770431372	-1.73377717239776	0.0829576274945044	0.935507377393223
CHMP3	2.26190981840617	-3.64921214618382	2.0860927904439	-1.74930480700588	0.0802383454929502	0.935507377393223
TAF1D	2.30470395071432	-3.65311640269189	2.33717949560765	-1.56304486221847	0.118042043142653	0.935507377393223
FADS3	2.19821995709531	-3.66352091643091	2.1709322443296	-1.6875335128491	0.0915008115163725	0.935507377393223
SUGT1	2.30468821119402	-3.66888190485457	2.13501636291776	-1.71843268678306	0.0857177225472707	0.935507377393223
SC22CB-1E7.1	2.15808295943937	-3.6742249467288	2.06592059731358	-1.77849281889467	0.0753229503208847	0.935507377393223
TSC22D4	2.23541250103931	-3.67523987430014	2.07854175463184	-1.7681818833373	0.0770305018740372	0.935507377393223
PHF1	2.28370761278832	-3.67909598642016	2.10556678614257	-1.74731858929078	0.0805820903034	0.935507377393223
WAC	2.35197405994986	-3.68070900765831	2.12506568411178	-1.73204481874486	0.0832655828720547	0.935507377393223
HNRNPH1	2.43588165521297	-3.68180774425469	2.58886259163235	-1.4221719438316	0.154976341397951	0.935507377393223
PTS	2.27831497476377	-3.69243657597804	2.11481156091741	-1.74598845789185	0.0808129574784418	0.935507377393223
PAK2	2.39615309915521	-3.69981705290906	2.12007272953165	-1.74513685373728	0.0809610498228768	0.935507377393223
EIF2A	2.33886131996463	-3.75577592054732	2.07990387426544	-1.80574495149385	0.0709581876662094	0.935507377393223
PYURF	2.47677820665344	-3.75875557877253	2.12917653665251	-1.76535647188845	0.0775038740725593	0.935507377393223
DEDD2	2.50659726312614	-3.76544172085527	2.13117026874115	-1.76684227256955	0.0772546469969554	0.935507377393223
NDUFS7	2.34708129445505	-3.77511937891663	2.08526955106334	-1.81037476761294	0.0702376894949581	0.935507377393223
ESD	2.46351214860035	-3.77660344680339	2.16535788325808	-1.7441012758228	0.0811414316416005	0.935507377393223
PTPLA	2.43202066599242	-3.80280039633984	2.12303501393411	-1.79120945786618	0.0732596890491764	0.935507377393223
PTTG1IP	2.59129095387893	-3.80630383257891	2.13607333029072	-1.78191627534662	0.0747628860368983	0.935507377393223
FOXP1	2.61179304781011	-3.83095230971132	2.17293866220513	-1.76302827886711	0.077895720295391	0.935507377393223
TP53I13	2.51059957645924	-3.83483515399274	2.14962188018516	-1.78395800179631	0.0744304898360183	0.935507377393223
RNFT1	2.66220859275921	-3.87002709746899	2.14599909274277	-1.80336846858717	0.0713303661825651	0.935507377393223
EIF4A2	2.80354135163053	-3.91106823617046	2.21408939734309	-1.76644549260917	0.077321138570656	0.935507377393223
HSF1	2.73244497763458	-3.91641851336523	2.09087288471922	-1.87310215842756	0.0610542793724851	0.935507377393223
APEX1	2.67284489754446	-3.92095368955391	2.08305488473243	-1.88230935166049	0.0597940255220867	0.935507377393223
PSMD11	2.73849236276894	-3.92268869951921	2.12046993936977	-1.84991478855157	0.0643258320639444	0.935507377393223
SEPT7	2.85877092947211	-3.95042675971136	2.17133552486746	-1.81935344145051	0.06885752500885	0.935507377393223
HIGD1A	2.76987670040788	-3.95325758897575	2.12404182489714	-1.86119573665513	0.0627165402266106	0.935507377393223
CYTH2	2.78210578485918	-3.9796275200339	2.09269085248833	-1.90167960800416	0.0572130533707334	0.935507377393223
OAZ2	2.90486740596113	-4.02102397451487	2.10816039034765	-1.90736150481026	0.0564737906936377	0.935507377393223
KPNB1	3.01693432780398	-4.03170935881447	2.10802731342669	-1.9125508161755	0.0558055812696519	0.935507377393223
ID3	2.87914515748591	-4.07925553491834	2.63262006050332	-1.54950408382835	0.121260590566279	0.935507377393223
UBE2Q1	2.97648876491064	-4.09311832878712	2.07242747828312	-1.97503573547385	0.0482640927903455	0.935507377393223
FKBP1A	3.04521490233022	-4.10273737729641	2.12389991042073	-1.93169996249197	0.0533965494182097	0.935507377393223
GDE1	3.13545136987614	-4.13663509393925	2.07564267888828	-1.99294181797941	0.0462678184781212	0.935507377393223
ARPC5	3.22026742703108	-4.13739832335029	2.11190389437516	-1.95908456552868	0.0501028840392752	0.935507377393223
LINC00493	3.23697000001601	-4.19097727839712	2.08625460228747	-2.00885226271134	0.0445528038000352	0.935507377393223
UPF3B	3.37091379522531	-4.23552605697368	2.12859410258297	-1.98982326026086	0.0466104081861859	0.935507377393223
CIZ1	3.4002139818873	-4.25396807811847	2.09936919622281	-2.02630775271554	0.0427332572919992	0.935507377393223
RMND5B	3.54326353296301	-4.3035514379446	2.11169702867987	-2.03795875047235	0.0415540582939171	0.935507377393223
MKKS	3.61138259763081	-4.37161533517961	2.12699319657338	-2.05530292349894	0.0398497551329036	0.935507377393223
PFDN6	3.75369547822486	-4.4257046225076	2.11085840137643	-2.09663737729718	0.0360256879033746	0.935507377393223
FKBP4	3.99622819295597	-4.47483255028237	2.19313852691668	-2.04037843271738	0.0413126483133911	0.935507377393223
TAF9.1	4.61238264185256	-4.72352578043648	2.18328825906095	-2.1634915869827	0.0305033901119085	0.935507377393223
